INDEX 77173017774. 237

19, 9. 19, 77. 74. 19, 11. 85, 14.
91, 17. 19. 9911. 100, 1. 104,1.
109, 1. 1091. 11911. 11911.
1191. 199, 19. 19911. 19911.
1991, 19911. 111,19. 11919.
11911. 190,11. 15919. 19911.

159111. 158, 9. ⁰
(1999111111 91991191 991.
qua7tuor 199, 19.

-quo 1, 9. 911. 9,10. 9, 99. 10,
91ᾙ999Νω999
.19119ᾘ9ω1ω1
ωηη1ἢω1ωμ
99η19999999
ηη1ῌ1ω99119
99999199Μ,
= 771Qn6oe771m7
91119Πῌ199
ΠῌΛἈΜἈ9Μ9
191Μ91ἢηηω9

199, 7. 151, 1. 16911.

quemadmodum 9, 77. 15, 11.

100,11.101,19 11911.
querellae 9919. 178',7 que-

<191119>99,1.-1ι1ι sapit du-

bitatio 89, 1.
queri 8911. -1919991 6919.
querulis contionibus 66,17.

qui 911. 4,11. 9,11. 1,911. 8,
11. 11,11. 191111. 1911. 15,
1111911. 19,1.19.19,1.9.1911.
9019111919 9111 9911
991111. 9911111 9919 91,

1119 981919 9911119111

1199199,11.111194,1κ11.>
99,.191,19..11 991111. 41,.11.
wamfflmstwam
7. 71. 41, 11. 18, 11. 17777. 491.
51,1.1. 9919111111. 991111.
94,1. 59,.199,.9.991,1...11111.

11111. 59, 11. 90,11. 91,1. 14.

99,.,19111.98,99,..9<1>111

1ΜΜἫ99ΗΜΜ.
uwn7w7w7ffl‚4.

QOQOQuQ
191919999Μ9

1111. 991. 91111. 95,9. 98,

. 19,-1111. 9911. 100, 11. 1111.

109, 7. 17. 10911. 77. 19. 10911.
1111. 1091. 101, 1, 10911.
1091. 119919 119, 7. 1191.

,19, 11919. 111,11. 11911111

11911. 199191111. 191,11.
77. 199,11. 1999111919. 199,
911. 1911. 199,19. 71. 191, 1.
199,11. 17. 171, 11. 199,11. 77.
13911. 199,11. 191,11. 19911
199,11. 149119. 1491. 1491.
11. 19. 14919. 11. 11. 144, 7. 19.
1491911. 1491111191. 148,
111. 1491111. 191,1119. 159,
17. 77. 199, 7. 77. 199, 7. 151, 9.
1591111. 15911111. 1691.
119. 191,111 199,11. 1. 199,
11, 19111. quae 9,1. 4,9. 91
919 11,11. 14, 4. 11,1. 199,
1119191. 991111. 9991111.
91,11. 99111. 77. 11 9911.
80, 7. 99, 19. 991. 9911111.

,99,11. 10,11. 41,1 1911. 491.

9199191999
Μ1Μ9Μ99999,
1999919911
1ΜΜ1991ΜΜ99
19.11 14,1.ι1. 15,11.19. 16,11
wwwwnfflaaenm
8118911. 90,.194,.1999,11.
ffl,u.wmsmnu.w7
1.11.104,1.11.109,1.11.109,
1Ηωηω,9.η.ῌ1,9
m‚7nm.fllwnffi7
mmmnmfffflm
19919ω19191
19ῌ91999ῌ9
mfflAmmmmnmm
141,1 144,11.149,11.141,11
148,1.154,1.159,1ι.159,19

.191,1 1..19 1591111. 199,119

11. 1611. 199, 19 1991 quod
1,.19,.111,.119.19,11.14,.19
191119. 16, 47. 11,11. 1919.
991111. 9911. 991991919.

 

