INDEX VERBORUM. 181

11. -111140,16.166,1. -ptis 611111 4644j 1,.14 21416111.
27,16.-11166 6216111111 4, 6. 6,16. 6,11. 7,11. 8,16.
137, 1. 13, 4. 16, 1. 1411. 19, 4. 20,11.
661. 82,11. 126,11. 169,1, 21,11. 24,11.16. 14. 44. 27, 6.

6161611161112011. -11 21,14. 1616. 2116. 2311. 3016.
6ω,1 QeQeQQOm

creditores 23, 6. -ibus 87,6, 55111· 11· 4511· 4511711· 451
616161611761 6161111611. 11· 49111· 5511· 5111· 531 ⁸·
-didisse 27, 21. 11. 61,11.-(11 17· 11· 5515· 55111· 57111· 68,
9,1. -1616111117,1,1166111111 11 591111· 17· 55115· 5511·
49,11. -dendum 111 38,16. 53111· 5511 57111· 5511111·
-dendum 6116 39, 4. -116114111111 75111· 7115· 1· 14. 7511· 7317·
4⁸2⁹· ,ditampecunimpg 76,1. 76,6. 77,.1 14 78,1. 14.

, crearetur 69,1. -111116139,1455·7515 (55115) 81111· 851
155, 41. 6. 64,11. 44. 66, 16. 8816. 91,

41464464414411, 11. 92, 6. 11 94,6.96,11.11.14.

. 96,.611. 100,11. 101,16. 106,
6111161120,11.23,14.33,6. 6611- 41441 100,,1100010 ,,οἱ

11111351117115·(11151115515) 1414. ’111,6. 611. 112, 4. 4.

16. 1616161616106,16. 1111611- ,,3 ,0110 114 11. 116 1⁶,
5Η56·ω”1115 16616111111
1101111111 711111 15111· 55115· 1211111. ’122,11.11.’123,6.

5165Η151·5 wum14‚mws sm,
55111 555 4415155555 4.11.129,.11601114133,.1

155· ·Μ55595 ffln4m4m4.wm
5ΜΜΠ·1ΜΜ5· mwpmmmwm
44. 1611111611 26,11. 29,11. 14411. 161,4.14. 1641.
(1611161134,16.1166111111122,6.100,, 166,<1.>4. 1. 158, 14.
126,11 ·'i114 subministrare 159 0

m,mmw mmm‚4 V

εωωηωωμήωωθΐῇᾝῖᾛᾪᾏᾪᾟ

1155555 616666616
611111111161111 11111 edere 47, 4. 33, 44. 42, 44. 47'10· 48, 4.
55· ’5555515155 57111· ’1111 6611. 6216. 66,11. 68, 1. 4.
4,⁷⁵,²⁴· ’5555555 60,11.11.16. <66,11.> 67,14.
ΜΜΜΜΜΜΗΜ-1 616661611,

Qu 1444m44m4
criminatur 94,1. -6111111 77,14. 109,1. 110, 1. 6. 117, 4. 12016.
-,61111111464. aretur 1371 121,16.11. 126, 6. 161,11.
161,11.1161111114811.-6-11 136, 4. 134, 11. 166,4411. 141,
61111146,1-6111161126,11. 1411112116.146,11147,
61110611111167,11.-1611167,11. 1444. 14111614. 160,16.
6166111111111111119611. -16 78,11. · 163,1. 16116. 16616. 16616.
cuiusmodi 161,11.167,1. 168,1.16. 161, 1. 162,
61116116111116 76,11. 4. 44.

611116 6316316 164,16.[611111] 3,11. 20, 6. 111,11.

 

