&w

99. discutere 47,11. 76,1. 130,
11. 13211. -11134,11.
1111111111 15,11. 5211. 67,1.
-1111111 16,1. -11511166,11.
11151111111 111 120,11.
sustinent sepuliuxae 1111111157,
11. -1111111111111111111115,
11. Ι»11111111 fortunam lugu-⁸
6111113611. -n919911u1p9191-
monio 41, 9.

111111114211.

suus 9611. 122, 91. -1 29,1.

31,1. 3311. 111011152111. 1....

53,11. 58,11.11. sponte 61,1.
81,1. 88,11.11. 89,11. 11. 92,
11. 91, 9. 101,11. 102,1.103,
11. 118,99. 141,11. 151,11.

158,11. 159,1. 16211. -um ,

11,1. 34,11. 44,11. 50,11. 56,1.
57,1. 66,1. 73,11. 80,11. 96,
11. 09,11.100,1. 113,11.127,1.
139,11. 149,1. 1621. 1111911.
131. 15, 91. 18, 99. 21, 99. 25,
11. 27,11. 34,11. 14,1. 60,11.
61,1.11. 66,1. 73,11. 75,11.
76,11. 77,11. 85, 9. 89,1. 91,
19. 11,11. 1251. 126,1. 1421.
14511. 11611. 149,1ο. 150,11.
15211. 154,11. 160,1. -119,
11. 19,11. 21,11. 22111. 26,
11. 55, 9. 58,11. 67,11. 71,11.
72,1. 1. 73,1.11. 75,1. 87,11.
91, 1. 100, 99. 102, 11. 103, 19.
104, 9. 112, 11. 113, 1. 118, 99.
129,11. 130,11. 1331. 11. 11.
130,1. 141,11. 145, 1. 11. 11.
14211. 151,11. 15311. 161,
11. suo 6,1. 8,11. 25,11. 26,11.
31,1. 38,1. 53,1.11. 54,1. 56,1.
59,1.1. 71,11. 84, 11. 11. 90,11.
93,1.11. 120,11. 123, 94. 124,
99. 199, 99. 128, 9. 14. 132,9.19.
134,11. 141,99. 145,1. 11. 150,
11. 15211. 155,1. 15811.
1111111 11,1. 20,11. 1511. 52,
11. 54,1. 65,11. 58,11. 71,.1

INDEX 991990191111.

79,11. 81,11. 82, 11. 11. 103, 1.
105,11. 114,11. 11611. 122,
99. 126,1. 130,1.134,11. 149,
11 147,11. 111111112611. 58,
11. 163,10. 1111114111. 22,
11. 2311. 25,..111 46,11. 83,
11.112,1.1271..111,2811
133,11.141,1.11.14811 11111
54,11. 1231. 127,1. 137,11.
9999 88,11. 92,11. 130, 14.
syllabis implere 98, 1.

15311.

tabellae inscribere 97,11.

tabulae 46,1. 11. -1111118,11.
19.19.14. -1111111 1111111 6,19.
reoiiatio 43,11. 1115111111
11. XII 65,11. 6111111141.
159, 1. -1118,1. 1111111 in
publicas 19. 44, 9. 4. 1611. 11.
11. XII 65,11. 153,11.

i9bularium 159, 9.

tacere 144, 99.

taciturnitaie 8211.

990191 favoris 99, 9. -902 relin-
quero in 115,1. favore 1999.
-tis cogitationibus 19, 9. -99
139,11.

111111111149,1 16211.

talionem referre 12, 11.

11111 141,11. ·9 17,11. -ia 11,1.
11,1.1111. 111, 9.

19m-qu9m 21,19. 37,11. 5211.
11. (1111111841. 114,1. 1111.
129,19. 130,11. 1111111111
111, 19. 199, 99. 111, 1. 162,19.

11111111 1,1.1. 5,11.11. 0,1. 10,
111. 12, 94. 15,1.11. 17,11.
19, 11. 20, 9. 99. 21, 19. 99. 29,
uQmwanaQ
19. 3811. 4511. 11,1.11. 50,
99. 11,11. 54,11. 13,11. 11. 64,
11. 85,.1 69,1.11 70,11. 78,
11. 76, 11. 8211. 89, 11. 86, 9.
87,.1183,.190,1.81,1.198,
11,11.98,11.101,11.11.108,1’

 

