245

29,1. 3616. -1661 25,14.
19, 4. 141, 11.

senatoriam dignitatem'60,11.
consuetudinem 16111. -11
magistratibus 127,5.

senatus 2616. 36, 25. 6611.
decretis 661. 64,11. 6616.
661111. 11661616 69, 14. 71,1e.
10611. 11611. 11616. 166,
1611. 6611611611 13611. 1661.
1661. 6661611611 16616166,
19. 161, 11. -61 361. 66111.
68,11. 69, 11. 116, 16. 14616.
-um 3,15. 2611. 61,1. 6611.
10611. 116, 19. 120,1. 16614.
11. 1361. -6 1616. 2611.
21,1. 6616. 2611. 261. 661.
61,11. 68, 9. 70, 6. 8616. 96,
16. 9611. 196, s. 12611.
1361.

senatusconsulto 6616.

senioris 13616. -1 16616.

161119616. 619611.

166116 vergit in 66611111611
1616.

166161 19, 1. 16116161611166161-
1111 69, 19. incommodorum 15.
70,4. 16611. -611 66666-
melias admittere95,14. favoris
habere 127,11.

sententia (11611 611 11 9, 11.
praeteris 24, 14. 111661 616 61,
11. una dicere 70, 11. 19. 1611-
arguitur 16611. -19 11116
suni 21,11. divisio 161611
11. 11. vigor 14616. -1111116611
21, 16. prope 6616. 6616666111
161166 761. dicere 1161 152,
116111. -1161161611611 1661.
-11 liberare 2611. 1111611111.
liberari 2611. -as 1611619,
16. 161. 611616 2616.

166116 12611. 11118611. -1116
616161666611. 6616. -16111
14611. -111166161 16,1. 616
69, 1. -111161κ6111> 6611.

INDEX VERBORUM.

1661111161 86113,

separatur 2611. -111 81, 11.
1666111 suni 110, 4.

seposita 1611 3616.
septimum 661. 161, 16. 16611.
1666136611 10611.
sepulchrum 16611. -i honore
communicato 16611.
1666166116 euram sustinere
61, 11.

sequentiam custodire 861.
sequestres 161.

sequitur 67,1. -quenti 361.
4611. 4611. 761. -quenda
1161 44, 11. -euii 1161 4611.
-66161 6614. -6661 61, 1.
sermoni adfluere societatem
16616. -66 {emine 611 109,

11. -661 1616116 166, 1.
severant infamiam 7611.
seru . . .. 156,11.
servile: obsequium 42, 11.

serviendum 116111616611116,19.
servitio: 6116 16 661. “
1611116166 libidinis 611.
161111 honorem 9616. -1116
(1661616116166116616. -asse
(16616161161. -aretur de
eaelo 1069 661161. -andum
611 866. -11611 memoriae
54, 5. -1666 6116 14616.
servi 28, 15. 15. 51, 4. 761 -61
6611.
sestertium 161, 11.

16144, 11. 4611. 6616. 63, 9. 6611.
69, 15. 87, 11. 6111611161 aed.
severitatis acerbae 19,11. pri·
16162611. -tem nimiam 12,11.
severior lex 10,1 61 10611 et
12616. -611 legem 14611.

-1111116 quaerere 11611.
sex 161. 1161.
sexagensimum 1661.
sexagies 151, 14.

16116 111, 6.
sexum mentiri 26,4

 

