258 INDEX VERBORUM.

11. 15811. 15818. 13818. 81811 1081. 11818. -118818111
8181111181. -dentur 8,10. 8818. -8101 esse 4818.

117,1. 14811. -deetur 3, 8.

7888888888
888888888
8.18. 101,8. 114,14. 118,11
Μ8Μ8Μ8Μ8

139, 11. 140, 8. 18. -decmur

381. -deentur 35,1. 0811.
115, 8. 1188. 15818. -deri
5, 4. 818. 810. 1818. 1818.
17,14. 11, 8. 3818. 481818.
588. 5818. 6818. 681. 68,
10. 781. 7818. 88818. 8811.
8818. 1081. 11814. 118811.
1388. -debntur 4, 8. 1811.
3880. 3818. 588. 781118.
78818. 7818. 3818. 81, 8.
888. 8818. 1081. 1188119,
14. 118818. 131, 11. 14818.
14811. 14811. 14818. 15818.
15818. 15810. 15818. -de-
bantus 184. 881. 9818113,
’11. 14814. -deretur 811. 17,
18. 47,11. 84, 8. 8811. 8811.
888888888.
11814. 11818. 13818. 1388.
14810. 14811. 14818. 14818.
15818. (1818118481. 111,
18. 151, 18. -deberis 11, 18.
-1181111111588 8818, -sus 881
818. 184. 8818. -81111 111
1880. 61, 8. 8818.
vigilanter 3,11. 1810. 3818.
88888888
13818. tissime 1818. 7811.
10818. 11810. 11818.
ΧΧ8111κ139,14>. 1818.
vigoris pristini exempla 74, 8.
-811181111111 1081. constantiae
153‚e. -811111111988, duritiae
133, e. sententiae 14818.
vilicum 1818.
vincenter 1814. 8811.
vincla: duci in 11810. vid.
etiam vincula.

-ctue 9818. -ctis 103, 8. 8.
vinculis: necari in 4811. vid.
ctiam 8111811.

vindicet eibi 811 8188 81388.
-ere eibi 818. 33, 8, 8111148,
18. -118111 sint 5818. -cvit
eibi 148881 15811. -88811111
eibi 5818. -cretur de 18, 80.
-endo sibi 1381. -8181 7818.
violentie asperitatis 15, 81. -18
1, 11. 11814. -am 11810.
158, 8.

81118818 818.

vir 1818. 91, 11. 98, 8. 11811.
consularis 130, 4. 18. 18. 1488.
consuleris 14811. -1 1811.
888888888
1181. 137, 81. 14811. -017,8.
9818. 9811. -um 11, 18. 188,
18. 150, 5. 1581811. - -crum
88188-88888
88888888888
14. 158,1c. -oe 1818. 5811.
1181.

vir ’11118818188188 981818.
’ “ 1818. -emz 18881188,
-iter 9811.

viritim 43, 8.

virtus 181. 3818. 77, 8. 107,
18. -18111 11, 1. ingenium 1ο-
briee 10, 1. 8811. insignia
85, 8. 8818. 9818. 98818.
1081. 818818811114811. epe-
cimen 14818. -tutem 811.
4, 4. 33, 4. 788. 9814. 1181.
-tute 181. 38, 4. 888. 107,
14. 11811. 13818. 14818.
-18181 13810. -111111111818,
188

811 6811. 77, 4. 018101119818.
13818. 8111188. criminationis
edere 4811. 801181811111508.
51, 8. 58, 10. 0814. 081818.
77,1.8. 78, 8. 89, 8. 117, 18.

 

