55555 55155015555.

sententiae 127, 11. 148, 10.
militarem 149,0. sollicitudinis
150, 55. 101,11. per 15110.
1110111111’1110010 de 19, 5.
29, 15. 31, 54. 77,.1 10011110
110 82, 11. 8,9,0 10011110 110
120,10.10110100110122,11,
10111 eonstituere de 154,’ 11.
vires ingenii 155, 11. virium
1101111110 30,11.

visione acutissime 49,15.

1111 01, 15. excedere 72,101
118001103ιο -109,11.-110
1011101137,’00148,10.01101-
01110 77,4. supremum diem
fungi 84,.0 supremum diem
hebere 104,10.1110 10110
ο111011131,01.158,11.-111
11110110,1.151,14.

vitium intercessit 27, 5. 57, 5.

125,15.-054,.1 -1104,’11.
011111001101,11.10011111’111
157,.1 -1120,1.

vituperationem: 001101101011
28,1 -0119,11.

vivacitas 63,1.

vivaciter 40,’ 10. 71,.1 132, 24.

vivente 158’, 5. -10101 81, 20.
-111110119,11.

ulcisci 3011. -0111111 07, 51.
1111015110. 91,10,155,.0
-um 33, 4. 42, 51. 127,11, -0
74, 51. -111140,1. 153,11.

ultionem 3011.

11101 85, 0.
ultra quam 83,15.
ultro 40,11. 130,10. 148,1,

umbra 102,11. -11111 fig·
110111 102,10.

1101114411. 131,11. 154,11.
111105,11.12,,1113,.111. 20,0.
48,.1 ’110,1.111,7.
110001111011710. -111110-
1111701

undiqueversum 103, 5.

“ 555

1111011111 06,11. -5e 33,11.
-020,11. -1113,1.
1111144, 51. 47,11. 19,1. 97,1.
1181. -121,.11 70,1,0 152’,0.
11111001. 5’4,11. 8’0,10, 105,
11,11.1-1142’,11. 4’3, 5. 45,
11.122,018114411-111
47,11, 70,11. 9110. 120,1. 130,
54. -o 10,0. 51,1. 122,10.
unusquisque 31, 0.-101110110
133,10.
1001111111 150,4 -0104,10,
147, 14. -133, 10
10011111011 30, 0.
vocent 48, 55. 70,11. -110
155,1-111 6010, -ebotur
87,1, 111 mSiloa 55>
volgaribus 5115 42,10. 10-
01111004 0111011111 1111111111.
volgi 00,10. 0111011011 vulgus.
soluerentur 10001. -etus 82,11.
111 144, 15. 1111311. 33,0, 39,
10. 40,..011 51,,0 54,’10. 50,
11.74,.176,4.81,11’. 800.
102, 45. 110,’ 10. 11’7, 11. 130,
11.141,11,148,11.1011111,.1
ἮΗ101Ἣ1101.
127,14. 144,.110111111114311.
101111123,’.0 1011017,15.1ο-
lens 23, 10. 240. 25, 10 49,
11 0210. 54,11. 59,11. 71,11
86,11. 90, 55. 105,10. 132,11.
55. 153, 5. 10101101 81,11, vo-
lebat 21,0, 90,10. 114,0, 101101
08,1. 83, 5. 55, 5. 12111101-
1011 29,10. 71, 5. 11011. vo-
luisti 137,11. voluit 84,1, 94,
10. 95,10. 115, 5. 19411, 142, 0.
voluerunt 12,11, voluerit 130,
55. 10110111201. 88, 5. vo-
luisse 31,1. 35,1. 42,11. 107,1.
137,.1 1111111011310.
101111101 90, 01.
1011111111111011100,10.110101-
111111 1031 0111. 011011111111
voluminis 83,11. 148,11,

17*

 

