INDEX 444404441. 203

1411. 11111. 1111. eodem
RQQQQmfflstQ
1ω1η1ω1η1
81,11. 81,11. 91,1. 101,11
1Ὰ1ΗΜ1Μ11Ά1
111,11 eorunden4 45,14.121,
wfflfflmwmfflnQn
115,4. 144,4. isd411 49,41
Qmfflmwmmm1
123,4. 444d411 44,4. 199,11
111, 11.

identidem 144,14.
fflmmass4mfflm,
ffllffissstfflfflssffffl
011Η1119μ1
ὼΜῶΛ-ωωωωψ
linem 41,44 personam 111111
Ἆη-ωω19ω.
igitur 9,11. 11, 44. 21, 14. 22, 41.
Ἡᾼ1Μᾼ1Μ19911
Μωωφηηκωη
Μωωφωφωμωη
Μ11918ω9ᾘ1
89,1. 90,11. 94,1.1. 98,1.
Μψωηῶμωῌ
1111. 1111. 11111. 111, 11.
mmAQmwm4m,
u.w441wst41aest4
11111. 140, 44. 144, 11. 144,
nlfflmlstmlfflm
144, 4. 144, 14.
mmssstm

ign4vi44 19911.

igni: 11111111111 aqua 11 124, 4.
ignobilis 44, 4. ι
1311011111ιί1 profligari 44, 44.
ignominiosum 111.
ignorantim litterarum 4111.
440441314· ,11 1:11
,. .,.

141, 41' -1111 1411. -ari
ma

ffiwmm
fflwm1mmmmwm
21, 4. 41, 44. 44, 4. 41,14. 44,

109, 4. 121, 14. 191, 1. 139, 1.
194,11. 198, 41. 14111. 119,
11. 111,11. 111, 11. illa 9,11.
11,11. 9,11. 9,1ο. 11,11. 19,11.
11,11. 10,1.11. 89, 1. 84, 4.
101,14. 141,11, 119,4. 11111.
1ὼ19111111111
18,11. 19, 4. 91,11. 99,11. 99,
44. 9811. 91,11. 98,14. 41,1.
Q4Q4Q1Q4Q
14. 11,11. 4444. 10, 4. 14, 11.
81, 11. 89, 4. 100,11. 104, 14.
11. 101,11. 191,14. 199,1.
141, 1. 11111. 1111111111. 10,
11. 19,11. 11,1. 10, 44. 21,11.
24,14. 91,11. 99,11. 91,11.
19, 41. 14, 4. 84, 11,11. 1111.
144,14. 141,1. 1491111. 111,
44. 1191. illi 9,11. 4, 4. 12,
11. 19,11. 98,14.11. 91,14. ’
41,1. 4811. 49,1. 10,1ο. 14,4.
0911. 11. 19, 4. 81, 4. 1. 91, 44.
101,41. 114,1.4. 120,41. 1981.
190,14. 199,1. 14911. 141,14.
11111. 11111. illum 111.
4,11. 1, 41. 10, 44. 11,1. 99,1.
91191Μ119μ1
11. 149,11. 119,11. 11111119,
11.19,1ο.98,1.1.99,1.61,1.
91,11. 11911. 141,11. 1111
8,11. 14, 11. 19,1. 14. 91,1111.
90,11. 40,11. 41,1. 6811.
99, 14. 11,11. 81, 4. (144, 4.)
199,1. 191,11. 19911. 194, 1
141,14. 144, 44. 119,1. illae
114, 44. 141, 4. illorum 19,11.
99,11. 99,1. 81,11. 128,14.
-111111114,1. illis 11,11. 18,44.
91,11. 91111. 9911. 11,11.
11, 1. 89, 11 100,11. 11111.
w1mlwmstw41wm.
141,11. 16911. 11111. illos
4, 41. 91, 11. 44. 99,11. 11,11.
11,11. 89,11. 191, 14. 141, 14.
1111110911.

11. 10,1. 11,1. 11,11. 91,11. illo adv. 199, 11.

 

