INDEX VERBORUM.

decipere 18,11. 21,23. 117,1.
1111111111. -1111 32,11.,
verno 24,11.

1111 7,11. 8,1.11. 12,21. 20,11.
22, 11. 28,1. 3111. 40,1. 44,1.
46,1. 51,11. 56,11. 57,11. 58,1.
59, 11. 65, 12. 66, 11. 71,11.
83,1. 89,1. 91,5. 100,14.11.
106,11.11. 107,11. 110, 4. 13.
112,.5 11411 118,11.119,1.
121,11.122,11. 126,11.1271.
12811111 130,.111.137,1
142,11 147, 11. 160, 21. 162,1.
versatum 1111 115,11

11111 1111 15,11.

versieulis 164,11.

versuram fecere 24,1 11 43,1.
111111 10011. 11111111161,11.
165,1. -sum 102,11. -sibus
101, 3. 9. 144,11.

verum: non 1111111 -eiiam 2,
11. 6,11. 14,11. 21,1.15. 24,1.
1111111111 — 111111 14,11. 36,
20. 37,11. 1111111111-111111
3111. 40,11. 53,1. 111 modo
- 111111 58,11. 5111. 75,11.
84,11. 1111111111-11111191,
11. 9211. 111 mnium-eiiam
97,1. 102,11. 1111111111-
111111 105, 9. 106, 23. 110,11.
113, 2. 117,11. 111 1111111-
111111118251112810.129,1.
136, 1. 11. 149, 21. uenientum
-etiam 151111.1,111 111
11]111-111111160,1.

ἧῖ

111111111111156,11. -e 122,1.
vestitus habitus 96,11.

veteris 10,11. 1111111. -rem
2, 21. 129, 9. 140, 24. 151,11.
-re 111. —ree 41, 5. 75,11.
88, 3. 111. 124,11. 128,11.
-ribus 10,1. 70,1.11.

1111111111 rigor 4, 3. dignitas
13, 22. peritiores 140,11. eru-
endae 141,1. -1111111111111
1111111 de 5, 3.

11111111 70,11. -eloqui 5911.

111111 106, 11. -111 fuerent
133,1

vie Appia 61, 13. 80, 2. -11
1111117211-111 Appiam
102 ,<11,>11.

vicem testimonii conferre 1n
1321. 1111111· 11 testimonii
7,11. -111111115,11.
vicinia 87,1. 101,11.
vicinitate 67,1.

11111113,1. 58,1. 63,11. 162,1.
-ribus 92,11.

1111111111111111 85,11. 111-
1111111111. laus 121, 29. epes
147,11. -11111,5. 21,11. 27,
14. 25. 63, 2.

111111 necessarie 110, 1.

videlieet 4,15. 15,11. 19,11. 27,
11921. 35,1. 44,1. 55, 14.
56,11. 58,11. 68,1. 1021, 104,
24 113,.24 121,.14 124,19. 126,
11.132,11.159,11

1111198111ιόοῷ (99) 1111111116,11.(1-11)1158,11.
102,1111143,99.’999ῃ9ο,,9 -1115111111701-(11111511.
-1146,.11 -12,.,.1114811 11911

68,.1 132,11.145,1ο. -ius 11111112,.4154,11.13,11.21,11.

152, 25. -ioribus exemplis 23, 1. 24, 2. 26,4. 28,11. 30, 9.
111. -111111119,11. -1111111 39,11. 46,1. 4811. 54,11. 55,

147, 5.

vesei 4111.

111111 143, 29.

vestibulo 153, 21. 165, 2.
vestigia 72,1.

Scholia Bobieneia 111111111511111.

ufflmmmwmmm
&wwmemwm
97,1. 98,11 100,11. 101,11
1ω11Ἆ11ἢ1Β91
1Μ1Μ1Μ1Μ

11

 

