ΞΩ

itineris 109,19. -19 46,19.11.

119191 propositionem 139,19.
-emus rursus 83,11. -919
94, 9.

iterum: 991191 atque 69, 1.

iubenti 118, 9. -bente 39,19.
-696911 10619. -beret 113,
11. -9911 10,1. 68, 9. 64,11.
66, 19. -991999133,19. -119191-
1118814. -9919 991 94, 24.
-esus 64, 9.

iucundissimae doetrinae 169,
11. -9 64, 9.

1111911419. 63,19. 198,19. -di-
oem 116,19. -111999 6,9. 18,19.
menomenae
1919. 48,9. 66,19. 01,19. 71,19.
89, 5. 9111119199 125, 25. 196,1.
editicios 99 et 136, 14,11. 137,
11. 21. 188,1. 143, 9. 160, 14.
166, 91. 167, 9. -11191117,19.
16, 5. 19, 9. 99,11. 98, 9. 99,
19. 24. 33, 12. 25. 39, 94. 49, 9.
44,1. 119,19. 190, 1919. 137,
20. -dieibue 19,19.19. 91, 9.
97, 19. 21. 99,11. 39,19. 76,11.
193, 9. 137, eo. 145, 9. 166, 9.

iudiciales 199 10319.

1111919119191 34,19. -99 legis
29,4. -9111 legem 39,22.

iudicium 3,14. 90,19. 100, 4.
139, 9. -oii 97,14.11. integri
46,19. publioi 109, 9. 19611.
138, 9. integri? 141,9. -919

· 3,19. 19,19. 96,11. populi 66,

19. pressiore 59,12. 01,11. 69,
19. 66,9. liberiore 97,19. po-
puli 113, 4. 190, eo. 199, 9.
gravissimo 193,19. 131,11.
160, 9. ·919 publioee volun-
, 19119 103, 1. -9191111 6, 9.
-9119 6, 21. 99,1, 114,19.
mn
iudioet 63,19. -919 31, 9.
63, 19. 14011. -9119 39,19.
-9191 98,19. -91911 19,11.

INDEX VERBORUM.

99, 9. 34, 14. 118, 99. 137, 9.
-911119 fuisset 63,14. -919111
63, 99. -erit 30,19. -9999 31,
14. 61,14. 63, 22. 96, 9. 140, 5.
168,19. -911110,91. -eretur
91, 9. -91111 99, 9. 64, 9.
-endo 86,14. 164, 9. -919 69,
14. -etum 691991. 194,19.
-91148,99.

111111119681.

1ugum 64, 4:
iumento 76,11. -orum proe-

bitionem 7611. -19 76,99.
iurgioen certatio 60,14. -1111
decertationem 19, 99.
iurgio 161,14.
111919 41,14. 96,1. 139,11.
14919. -aret 96,19. -919111
mn
119 civitatis 169, 9. -119191119
205. 53,4. 622. velidi 93,11.
-19 praediorum 69,9. legitimo
3. 63, 9. 19. optimo 64,15. 79, 4.
37,19. 94,1. 1931. privato 11.

iusiurandum 139,11.

11991 96,19. 61, 4.

11919 81,11. -9 83,1.193,11.
-119 19,9. -ioribne 19,19.
-19911111111 141,19. -19911119111
gretiam 67, 9. -19911119 194,
11. 16919.

11911119 49, 4. -99 cultor 73,
11. 111,1. -em 49,1.
11911119 134, 9.

1199111119 ingenie 112,12.
11111918,1.76,ι. 101,19. 143,14.

11Ἇῖ6919999 1111119199 191 p.
,1.

labo vitiorum 107,19.
191919119919. -re 14,11. 19, 9.

1919191119 enimi 16,19. -eret
de 52, 2. pro 88, 9. 146, 99.
-91111119 87, 99. -9999 99,19.
pro Milone 88, 2. ed 19911-

 

