11111 1111111111. 201

mmmmffimwffl1

mmmst7m4mm
w1w9mmmmw
7Qmm'mffimmmw

81,1s. 8014. 801. 0014. 81,

101000001
901111. 94, 1. 4. 00111.
91, 14. 101. 9. 10011. 101, 1.
11. 1001111. 1001111104,
11, 1001111. 10011. 111,11.
1101. 11011101. 111,111.
119, 11. 101, 11. 11. 11. 100, 1.
1111. 10011. 10011. 11. 19.
101, 11. 11. 11. 100 11. 109, 1,
100, 1. 101, 1. 19. 11. 10011.
104, 1111. 11. 100, 1. 11, 11.
1301. 101, 11. 11. 10011. 11.
1401. 19. 1401. 9. 19. 144,1ο.
99. 140, 11. 91. 141, 11. 140 1.
11. 1404. 10011. 1001111.

111101ω11110

11. 1001111. 100111, 100, 1.
1111110111, '1‚19. 11. 0 9. 10,
11. 11,1. 00,111. 0011. 30, 9.
00,1. 40111. 401. 401. 00,
11. 04, 9. 11. 14. 99,1. 11. 91, 1.

001. 901. 99, 9. 1101. 100,

19. 10011. 1401. 10011.
100, 19. huic 011, 01. 1,11.

1011, 01,11. 00,1. 00,11. 10,

11. 1101111. 100, 11. 104, 1.

10011. hunc 4,19. 14,19. 19,
110011. 0011. 01,11. 01, 1.
00,11. 001. 6011. 8011. 01,
11. 94,11. 9011. 104,1. 101, 1.
111,1. 1101. 11011. 10011.

1ῌΜο1ωμωω

11111011. 14,11. 101. 1011,

0011. 00,11. 0011. 0011.

010000000
000010001
0101Ἅο01οΜ.
0101οῌ0οηωο
101ΑΗΜΛΜ1Μο1’
mammmfflfflffi

199,19. 14011. 10011. 10011.

Μωφο10000
mm9wmmnfflffl
Quffi9m9ffi1mm
ffimQ9Q1QnQ
awm1mmAmm
lmnlffiwAQulQ
19mffllw9ffiw9
fflssffimfflmffm
101. 1011. horum 1011.
00,4. 111,1. 111111 119,11
ώο0010100
48,1. [01,1] 00,11. 10,11
mmfflmwmst1st1
wffi.Q1.Q9lffiw.
mfflmwmmwffl

11111111 140, 4.
hinc 0011. 101, 1. 14011.
11111111 00,11. 00, 4. 101, 11.

-11111111 13011. -1111 00,11.
-11 8011. -11ι legere antiqui·
1111111 per 14011.

historicus 141, 4.
homo 10011. 141, 9. ·mini9

41, 11. 4011. 100, 1. 100, 11.
101, 14. -mini 4011. -111111111
4011. 00, 11. 11, 11. 119, 11.
-mine 01, 1. -mines 11.19.
01,1. 3011. 10011. 101, 11.
-minum 44, 91. 00,11. 10011.
10011. -111111111140,11. 01,11.

honestas 4011, -11111 00,11.

001. -1111 00,1. -1111 01, 1.

honesti 11, 4. -11 1014. -1

requiescere 1011. -11111ο-

1111110011. 11111001. -1111-

1913118001. -11111111 cognitus
, .

1111111111111111111111 10011.
111111111111411. -1111 1001.
honoris 1011. 11014. 1001.

-ori 118,1. 11111014. 901.
0011. 9011. in 9014 et 10014.
114, 11. obtinere 117,19 11
ηωῃμηωμω
1111111111 11011. 1111111101.
1111111111110,1. impetrato

 

