188

dissidere odiis 32, 2.
(11881811118988-1118888888818-
rum 26, 31.

dissimilitudinem prosequi8, 8.
(1188818183447,18. 8181188
81881891,8.

distenderin't 47, 14,

distincto 122, 22.

distinguere 81,1. -811 96, 25.
distrahantur 134, 8.

distributis pertibus 83,18.
(1118188 881 181, 8,

(118 80, 22. 88, 22. 87, 8. 98, 84.
diversa: 8 parte 130, 81. -8881
187,18. -si 8,2. -888870,8
811881. -888 88,18.
(1181188 8888188 148,18.

divideretur 78, 8. 97,88. -detur

77,11. -sum esse 31,88.

(11818118118 91,1.

divinitus iudicatum 88, 27.
(118188 60,14, -818 2, 2. -8
14, 22.

(1181818 8881881188 70, 18 81 18.
-88 38,8.

divisor 140,.8

(11811188181,8

(18189, 88. det65,.7 dere 848

INDEX VERBORUM.

doctrine 116,18. -88 189,18,
160, 88.

documenta 112,10.

δόγμα 87,18.

dolentem 8814.

dolor 18, 24. 125, 2. -1 180,11.
-em mereri 87, 2. 145, 12. -8
8818.
140, 24.

dffiioilium constituit 109,14.
, 2.

dominationem hebere 5, 21.
12, 22. exercere 58, 5. -e
161,12.

(1881181614. 76, 14. -8 88,18.

(118888 oum 125, 5.

. 76, 5. -um 76, 8.

domus 68,(1. 69,8, 71,88.118,8.

183, 22. 161, 88. -0: in ponti-
11818 80, 4. extrahere 118, 22.
-881 86, 5. 81, 10. -108888818
86, 14. 46,18. 8888 78,8 81
118, 22.

donatus sit 113,18.

dotem 111,15.
du.. ,116 20.

(188111884318. 8888118118.
-asse 17,8.

(18818 operum 66,18. (18181 11111110· 1110001 (0011111 1001)
spem, 1¹¹¹ 7, probro 50 10 30,11.18,16.154,1. Eine
8818118188,88.(18888144,88. (0011108 10011 3810· ’,10 513
161,.1 (181888818188816488. 11· 11 10 333 5⁶11 1311-
dedit 22, 5. probro 86, 20. 30810- ⁷⁶2 1· 77,15. 3181133.
128011'2,2'01504.ded'01·it 21 91. ³· 10021· 101214· 101.
7511122J21. dedisse 2217. 3 108. ⁵ 133 ⁶ 137, 1⁰
12'1, 8 8818811888188818 140. 2 1⁵⁰ 14
(18818881113,18. (1888188 ef· (18888188108,88. -es 108,18.
fectus 82, 18. 98, 88, debitur (1881110888. -8888818881818-
84,8. (1881881448 88188881 18116388-81118,1ο.--88888
81,,1 (181881 811 crimini 44, tur 48, 20. -8888188 88, 12.
18.(181881114,88.164,88. (18- -oendum sit pro 38881881818
tom 48,,8 137, 68, 21. -oondes 8888 pro ni-
(18888164,18.-88870,,8-811 hil’o 183, 24.

81,8. -uisse 163,(8.81-8- (188881881131888388. 90,8.
888188,18.-888188188,18. duo 18, 20. 36,.8 70, 20. 98, 17.
8811118188 74,4. 104, 81 108,10154,0 -orum

 

