216

· 6116 -9916411-969169

iiim· sibi conscius 102,1191
91.

mancipe 62,11.

mandatu 19191.

mandare 40, 99. -9999 190,9.
-6199 120, 9. -9196 104,19.

69691 felicitas inlibata 69,16.

96169 80,1. -96166 161999
80, 9.

696119919 8, 96. 131,16. -66
11, 91. 66,16. 101, 1. 116, 94.
111, 91. 13611. 164, 9. -169
4, 96. 89, 9. 96, 6. 163,11.

69669 109,19. -66 63, 4. 6. 6.
gladiatoriam 82, 19 91 106, 96.
-6 exerta 4,11. porrecta 41,
16. 101,19. seditiosorum 166,
99. -11169 6916119166118,99.

maris inundatione 36, e.

maritimae: orae 38,5.

marito 63, 9.

1691912691. 64,19. -119 102,
14. -rem 64, 9. -19191,11.

materiam periculi 9911. prae-
dandi 43,1. 1919119 13,9. 141,
91. 6119196 161, 1.

69191666 genus 13, 99. -0
sanguine 66,11.
matrimonium 121,14. -9 121, 2.
69119696 99,9. -99 20, 1.
maturavit fugam 109, 4. -919
9999169119 113, 6.

691619 69, 9,

medellam 69, 6.

6969161 sibi 90, s. -eri 191 6.
101,1916. -919161 91111 39,1.

69619169 10691.

medietates verborum 21, 96

mediocris obscuritas 871 996-
1969 92, 99. 1916161619 148, 11.
-1691919149,91. -1116911969-
119119126μ1-119164,91.83,
umfflammmm

meditatione rapinarum 29, 99.

INDEX VERBORUM.

meditatus 169191 linguam

109,19
69619961 -964,9911,.9
9-23, 99.
6911691,1. 9111169199.
mammeae 1-126,19. 118,
11.143,11. 146,1a.- -erat 141,
91. 161,99.
6196191199 9911919 64, 6. 119-
6919120,19. -96 36,1. 12,
99. 91,19. 99,11.
6196... 126,91.
6966911 162,19.
mendacium: subornare 96
120, 6. -911 obsequium 38,19
91 46,16. -oio 64,9. 69-
prehendi in 1619.
696119 instinctu 14, 99. -99
caerimoniosas 6, 96.
mensarios 48, 91.
6961191299. 11116619. -nem
1911919 14,16 91 20, 99 91 31,11
91 92,1 91 31,19 91 49,14 91 91,
19 91 92, 99. supprimere 96, 14.
facere 101,1691 111,191119, 11
9112696. inferre 138, 91. 911-
6116919 13919. interponere
141,1. 199919 14419. 1619119
164,19. afferre 155,15. 199919
160,9 91164, 9. -69 19919 19,
19 91 169191 13611.
1696119161 gravitatem 66,11.
-111 11,9. 42,16. -196661641,
91. 60, 91. -19661 obsequium
34,9. 39,19. -1169 sit 163, 96.
-111 9161 43,“16. -1169 9999
22,11. -116999116696,1.
mercaturam agere 6,16.
691999 pacis 112, 9. -99696
silentii 164, 99.
mercabantur 3,11.
69199161 9,1.114,9. diligi
14611 -uit 3191. 38,.6 *84,
11. repulsam 124,.9 -69111
61,9 69,9.18,9. 1961996
123, 96. 163, 96,· -61999 91199111

 

