INDEX VERBORUM·

431. 3311. 631. 1311. 3310.
1011. 3314. 3314. 131,11.
1331. 13311. 13314. 13311.
1111331111. 33111. 13, 51.
1113310. 16314.
quicumque 3311. quom· 311.
(1111016314.

1116111934. 10311. 11311.
133111331113310111-
dun'1 311. 1311. 3311. 3314.
3314. 1031. 104,1. 1331111.
13311. 11. 14311. 113, 15.
quoddam 31. 311. 3311. 31,
11. 134. 1311. 31,11. 14311.
0110141111 331. 33, 1. 131.
1031. 011611114314. queu-
4111131. 3311. 3311. 14,10.
0111011133 19, 55. 4311.
3311. 3311. 61,1. 91,10. 931.
131,11. 13311. 13314. 14311.
11314. 1104111310. 1311.
331. 431. 8311. 91,1. 10311.
13311. 14314. 3110111133
331. 331. 3311. 3310. 434.
431. 1311. 33,11.101,1.131,1.
131, 11. 141,14. 14311. quo·
3101111333 14311. qui-
1110111133 10,11. 16311.
quoudam 80 55 931. 104,1.5
133,14.13411131,11.1111-
dam 41,14. 1111.

quidem 3,11. 1311 14,.11 131
1101101111111111.
331 1011111011 3111 331.
431. 10011110 61,10. 11 pruno
13111. 10 primo 51,15. 54‚15.
1311. 3314. 6311. 9311. 100,
5. 55. 101,11. 113, 1. 130, 55.
13314. 13311. 13311. 13310.
11311. 13311.

quietissima 31, 11.

quin immo 31, 11 et 13311.
0101111631.

quinquaginta 131.

quinquo 1311. 3311. 69, 0.

13311.

339

XXV 31,1.

quippe 1,11. 3311. 31,1. 1310.
1311. 6311. 6314. 134. 11,
11. 331, 3310. 31, 11. 3311.
10311. 131, 15. 13311. 13311.
13311. 141,1. 1331 1131.
1634.

quis: ue 31, 15 et 85,15 et
1131 quid 11 11, 11. 11, 10.
3311.30,11.1104311.11.11
3333333331
61, 5. 11331. 3311. 10314.
101,1. 1111131. 13311. 1331.
11. 14. 131, 10. 11 14311. ue
145, 5. quo 155, 55.

quisquam 33, 10.
1111011133 quidquid 10, 55.
136, 5. 141,1. quoquo modo
30033

quivis 55, 54.

quo 55, 51.

quo magis 5, 55 11 34. 5. 4011-
000. 1311 11131. 10 3311.
vel maxime 30, 4. 111ςί1 1111
3311. 10 11. magis 55. 55, 5.
magis 431. 1111111431. 111-
gis 13, 11 11 34, 11 et 3311. c.
00014101. 55, 5. 10310. 133,
10.11.111811133,1.131,11.
magis 1131101131.

quoad 1311.

quod 0011. 341111 3111.
44. 3131. 3,..141110,11.11.
11‚50. 1311. 1311. 13111.
311. 55. 131. 1311. 331.
33, 10. 34, 5. 1311, 3311. 31,
55. 3311. 330. 51. 55. 31,1.
33110. 3311. 31, 10. 55. 33,
55. 4311111. 41,14. 4311.
44, 11. 15. 55. 55. 431. 41, 11.
131. 11, 5. 1310. 1310. 63,
15. 66, 51. 61, 11. 631011. 13,

’ 111. 131. 13111. 33111.

3333)33331
333333333
Μ.33133133

 

