444

151,1.150,11.150,11. -ium
9,mffiemnffleffim
07,1.58,11.15.83,1.81,15.
104, 4. 106, 0. 118,11. -ibns
811, 11,11. 16,10. 19,11.80,1.
381. 34,10. 37,11.50,11.51,1.
63, 0. 86,10. 88,1. 8111. 111,
11. 1180. 11411. 1831111.
147,11. 148,11. 116,10.

onerario nevis 1, 44. -erum
(nerium) 108,11.

010111 personne invidie 33, 5.
-eri 76,10.

onerose hebere 1111.

010110100111110 144,11. -0111
144. -

operum 1110 66,10.

operato 511. -111111111 67,15.

011011οΒ011011010 80,1. 8111.
opimos provincias 44, 44.

opinio 14,14. 136, 44. -118,11.
-nem: inferre 001111 11410.
-nes 88,11.

opinor 40,10. 18111810. 78,
14. -1101 80,1.

opitulari criminibus 144,14.
oportet 6,11. -01185,1. 3811,
137,1. -010 30,11. 3815. 88,
11. 14114. -0101 6, 4. 68, 44.
681, -uisse 188,1.
oportunior 74,1. eid. 0110111011-
portunus.

0111111111361. ·i 1111111310.
-0 187, 4. -1 8811, 148, 44.
opponib ἔπ111011 38,11. -11111
responsionem 144, 44. -nitur
πίετιε 6,11. responsio 4,1o.
-ni testimonie 8,10. 130, 44.
-netur defensio 8811. -11111

48,11.

opportunas 78,11-0 88, 4.
104, 5. 164, 4. i-or 80, 44.
-issime 110110108411.
-1111111111160,.1 -111111081,

15 10811. 1110111110001-
turus.

INDEX VERBORUM.

opprimere 118, 41 -0110111 15,
11.-11101111117,10-1111188,
11.38,11.-111011111 13, 4.
-essus [011] 80,11. sed e'iu.
0011190111. -0111 111 33, 4.
-essum 101, e. 103, 4. 4.

oppugnarentur 81,10. -011111
110,1. -111 01101 68,11.

opem ferre 17,10. et 186,10.
-01 36,11. -ibus adfluere 13,
11. exhaustus 43,1. 41114.

0010111111 perieulis 3811.
optimatium 11110 104,11.
optimus oid. bonus.

01111101 38, 11. quaestionem 14.
-010111010071,10.-0118,11.
0-10110110101188,11. -uerit
rogationem 1111118811 pro
141,11.-011070,11.0-111111
4411105,11.131,11,118,1.
-eirdee valetudinis 0111 8111.
-endem 149,4s. 1110111101)-
tinere. ·

011111011111 113,11. -110111138,
11. -atum hebere 60,11.

opulentia, ludorum 98,17.
opulentissimos urbes 30,11.
operis 0011111 16811. -0 legi-
11110 61,10. 1011100 100,10.
-1 144, 41.

orae meribimae 38, 5.
opppullrpm explanare 10811. -0
, .

0111110810. 37,11. 5511. 56,11.
71,11. 14111. 11611. -11118,
14. 78,1. 811111. 13310143,
11. 15811. 15810. -nem con-
scribere 18,11 et 61, 44. 001-
1011010731. 1118111411.
5111 3116111. 77,11. 78,
14 81,1. 8111111610 11811
140,11.144,1e.156,1e. -1101
8811 88,0.1111111001111 116
11.-111115,11.101,11. -nibus
14, 10. 15,11. 10, 44. 0511. 1141.

 

