112 .

antiquius 77,11. -22111122 91,
12. -12 36, 2.

anulis 44,1.

anxie et moleste pati 144,11.
aperietur intellectus 13, 4.
aperte apparet 12222.

ἀπό 16,17. 43, 7. 422112. 87, 27.
apparatu gladiatorum 106, 22.
·ibus luxuriae 6, 22.

apparet 1,22. 97, 2, 98, a. 1321.
-mmmffimfflmffl
12. -cant 113, 2. -ebat 122,
21. -2121 4, 7. 2212.
appellat 106,1. -amus 63, 27.
-2711 106, 2. -27212111 166, 2.
-2111164,2.1022, -atus est
27, 2. -21211112212, -2122
1121. -atnm 121222 0212.
aptissumis 86,1.

apud 212. 2221. 4, 2. 6,2.
aput 6, 2. 19, 27. 21,14. 23,17.
27, 2. 28,1. 3222 (2722121111).
39, 2. 41, 2. 48, 11. 61,12. 62,
2. 2. 63, 7. 68,12. 60,11. 63,17.
mmmmmemQ
12. 821. 88, 2. 1021111. 107,
12. 1021. 109,1. 2. 12. 110, 2.
111, 6. 112, 2. 12. 114, 7. 120, 1.
126,12. 128,12.131,2. 13212.
13221. 1322. 13212. 27. 141,
12. 12. 143, 21. 147, 7. 161, 7.
169, 4. 21. 160, 4. 162, 21.
aqua 1222. -ae 116,11. -arum
24,21. -2226,2.141,26.
aquariam sortiri 116,14.

aram 91,22. -12 64, 2.
arbitrum 4211.

arbitria funeris 67, 22.
21611121121143,11-2112128,
12. 2-11111148,12.-2121111
126,1. -211122211166,22. -1
2111118212. -2122 68,12.
ardentis 67, 2. -dentibus votis
16,.1 -serunt 16, 21.
ardorem cupiditatis 2212.
argumentatio 66, 12. 164, 2.

INDEX VllRBORUM.

-nis 63, 2. 138, as. 1116217.
-1121111272221221117,2. -112
47,11. 21.

argumentatur 2, 2. 48, 24. 71,2.
argumentum 102,12. deducere
in 49, 2. -212112116,7.22,
22. 111,14. 136,11. 160,12.
16224. -a 169, 2.

arguit 124,1. 2621212221.
-endum 7212.

arma Catilinae 96, 2. 22 con·
ferre ad 120, 22. venire ad
166,11. -12 8222. Syllanis
cedere 161, 11. 14. .
armatura: levi 106, 4.
211121226212. 2121118212.
83, 2. -22 822. 22. 9222.
124,24. 161,12.

arripit 7212. -21144,21.166,12.
artis oratoriae 66, 11 21 77, 11
-121 praeceptum in 77,12.
21212112 147, 2.

artificialiter 6211.

artificiis 42, 22.

artissime premi 69, 2.
21221021.

asperi iudices 19,11. -2111 in-
vectionem sibi deposcere 161,
10. -e lacerare 6, 22. 12211.
-iorem 88,11. -ius 98, 22.
116, 2. 14212. , -111112 60, 2.
aspergit infamia 6212.
asperitatis 22111222 12, 24. 20, 1.
aculeus 2212. 71212111226,
21. 134, 12. 1672. -tatem
118211.21121221221211122111146,

1,-212 naturae 1212. 21,

is. stomachi 62, 21. 134, 21.

astute 1211212 109,1.

214224.

atque 16, 22. 20,17. 26,12. 26,
12. 46, 2. 62, 2. 7214. 22. 99.
14.109,2.110,2.114,11.116,
2.112,1.122,’1.121,12.122,
22. 128, 22. 132, 6. 138, 17.
141, 1. 161, 10.

 

