INDEX VERBORUM.

vindicare 8,ιο 311311. vindi-
3313 3, s. 13,14. 11. 14, 30. 13,
410. 13, 3. 99,11. 97,13. 98,3.
vindicare 30, 3. 33,11. 39,1.
vindicare 4311. conscius 42,
3.1.10. 33, ι3. vindicare 12.
37,13. 39,11. 71, 11. 74, 3. 11.
77,11. 79,1ι. 81,11.11. videri
11. 331111. 3411. 30, 3. 93,
10. 98, 12. 13313 conscius 109,
11. 104,11. 103, ιι. 103, 14.
113,11. 114, 11. 113,11. 13113
conscius 116,21. 117,13. 190,3.
193, ιι. 19311. conciliare 22.
24. 130,13. vindicare 131, ι.
134, 3. adiudicare 149,11. 1111-
110313 143,3.13. 147, ι1. 148,4.
149, 3. 11. vindicare 130,14.
deposcere 131, 3. 139,11.
133, 24.
3303331331 ob oculis civium
9,11.
3331313 domus: 13113 101,11.
-11011011311113113 110, 3.
333133 Stoicae 93, 13. bones
107,11,
sectatores Pythegoroe 11311.
sectores 3, 11.
1331313733. -0 39, 2. 31,13.
secundesse'prosperius 137, 11.
seeundum 11,13. 9113. 39,1.14.
40,.14 43,.3 39,1. 74,13 77,
11.109,11 103,13.114,13.
122, 11. 19811 199,1.133,11.
133, 11 143,13.143,10.143,10.
130,3.13113139,1.
seemitstem 11133 h’sbom 138,
14. ·1339,ι.
securo iudicio 97, 11.
ssd 9,4. 11. <3, 11.) 4, 3311.
3, ι1. 3,13. 7,1, 11,13. 10,12.24.
11,1.11. non 1131131193. 13,
13. 10. 14, 3. 13, o. 21. 17,13.
18,3.13,11. enim 90,3.11. 99,

245

331411. 36, ι. 33113 37, 24.
38, 3. enim 40, 1. 24. :11,14. 49,
11. 44, 11. 43, 4. 14. 47,13. 48,
anQmffluQe
13. 11. 33,1. 30, 10. 31,1. 11.
33113 09113. 63,1. 34, so.
33, 3. 37, 1. 13. <39,1.> 70,1.
mmswmwmwm
30, 2. 33113 89,11.13. 87, so.
88,1. 89, 10. 11. 90, 13. 93,11.
93, 3. 3. 37,13, 38,ι3.13. 100,1.
non 1311111111 sed 3113111 101,
311. enim 104,11. 103,13.
107,1. 3. 117,11. onim 19313.
13. 191,13. 19911. 193, ιι.
1941330. 3313193313. 197,
21. 198, ι. 139, 1. 134,13. 137,
31. 149, 11,11. 143,11.148,1.1.
13. 139, 3. 134,13. 12. 133, 10.
137, 13. 138,1. 13033. 18411.
esd. com set.
seditio movetur 121,21. -313
impetus 80,21. 101111. -nem
31,30. per 33331 133, 13 31
133,11. -nibus flagrantibus
31,11.
seditiosae actiones 83,13. mul-
titudinis 118,10. dimicationis
143, 3. -0111111 113331337313. ·
manue 133, 10. -03 13913.
-3 33,11. 89, 13. 134,10. -1331-
mum tempus 117,11.
sedulitate officiorum 07,10.
333313313910.
1313381993. -11011131103,11.
semel 30,11. etque 1131313 391
133, 11.
33131113 qusestionum 74, 12.
semet ipsum 93,ι11134,11.
ipso 114,1031148,13 ipsum
143,11.
semper 49,13. 31111. 67,1.
197,1. 143,1. 14311.
3331110111 81,1. -1 138,11.

11. 93,11.*94,1.13. 97,ι1.10. -313 11,14. -3193,10. -33
30. 98, 3. 99, 1. 14 30,4.3.ι1.13. 0,3. 18,11.34,11.104,13. -um

 

