INDEX VERBORUM.

acceptissimus 121,1.

accidere 7111. -disse 49,]1.
11ἓέ1111 51,1. -cipere 23,11.
-ciperet 14,1. 97,11. 166,1.
-ciperent 122, 8. -ceperit

144,1. -ceperint 29,11. 111,
15. -cepisse 22,11. -ceperant
29, 29. -cipitur 69,11. -ci·
piatur 43,11. 159,11. -cipi
89,11. 13911. -11111111111 38,
11. -cipiendum 61, 4. -cepta
184,15. 157,1. -ceptis 144,11.
149, 2. 11111.
111111111111111111111111 26,2.
11111111115,11.

accusatio 38,11. 49,11.196,1.
-1114,11. 162, 4. -ni 131,11.
·nem instruere 39, 28. -nibus
4, 21

accusator 46,1. 53,11. 68, s.
122, 21. 128, s. -is 17,11. 39,
11. 126,1. 139,11. 138,1. -1
36,11. 38,11. -11135,1. 73,
29. 197,1. -1 46,1.11. 114, 22.
186,19. 2215. 152,1. -11 38,
11. 43, 21. 92, 24. 71,1. -nn1
41, 11. -ibus 49, 5. 48, 25.
51,11,

1111111991. -ant 45,11. -111
92, 11. 129,11. 136,11. -1111
20,15. 34, 19. 73,11. 111, 4.
122‚19. -antium 45,11. -11-
tibus 21,1o. 129,11. -abent
88, 24. 11. -arent 27, 1. -atu-
111144,11.99,1. -avit 22, a.
-11111111 24,1. -etur 17, 24.
-ari 122, s. 125,11. 137, 5. 29.
-1111177,11. -arentur 125,
11. -1111133,11.

acriter 22, 2. acerrimo spiritu
21,1s.

acerbitas 158, 9. -tem 1,1.
omittere 99,1, temperare
115, 24. -te 36,11. 36,11.
136, 14. 149, 11. 153,1.

167

acerba 61,11. -ae 19,11. -ins
12,1. 141,11. -issime 29,1.
117,11. “

acta sna defendere 89,11. -1111
vitae ante 131, 25. -torum
liber 81, 25. -tis 89, 24. 131, 25.

actio 119,14. -nis 199, 11.
-nem optinere 82, 11. -ne
21, 9. -nes 8311. adiuvare
98,]1. impediuntur 193,11.
adiuvare 124,1. -nibus 1111.
9111. 117, 11. 148, 24. 186,14.

actor 199,11. -11 19911. -em
191, 14. 163,11.

aetus 48, 11. rernm actus red-
ibat 193,11. instaurato re-
rum actu 193,11.

aculens 23,11. 92,11. -1112,
24. 73,11.142,11.

acuta responsio 7,11. ·te
195,1. 129, 15. 148,1. -issima
visione 49,13 -111111111((υλ-
1ογιεμόνῖ) 7, 9. -issimam 11
sponsionem 144, 11. -issime
3911.

111 1,11. 2, 1. 3,11.11. 4,1.1.11.
6,11.11, 7,1. 8,11. 9,11. 19,
11. 11,5. 10. 13, 1. 21. 15,1.1.
2519. 17,1.1. 1811. 11. 11. 19,
1. 11 11. 29,11. 21, 5. 11. 11. 23,
11. 24,1. 11. 11. 11. 11. 11. 11. 25,
11. 26,11. 11. 27,11. 28,1s. 11.
39, 15. 31,11. 11. 32,11.11. 33,
25. 34,1.11. 35,11. 37,1. 22.
38,11. 11. 39, 24. 491111. 41,
4. 21 42, 19. 19. 44,1. 11. 25. 21.
46,1. 11. 46,1.11.11.11. 47, 5. 9.
48, 25. 49,1. 15. 59,11. 11. 51,
1. 9. 15. 53,11. 11. 54,1.11. 57,
1η11ω11ἢ1
11. 62,11. 22. 84, 1. 5. 66,11.
99,1.1. 11 67,11. 69,1. 79,11.
71, a. 92. 73, 21. 74, 1. 1,11. 15.
11. 19. 21. 21. 15, 5. 77,11. 11.
78, 11. 11 80,11. 21. 8211111.
83, 4. 11. 84, 1. 1. 11. 11 86, 11.

 

