308 111111 GRAMMATICUS 111 0111011111113. 1

18,11. 23,13. 24, 3. 30, 22. 1 prod positum: aliquanto 114,
3611 38,1. 41,1. 11. 42, 7. 11. 1111130, 11. 49,13. 65,13.

11. 4811. 5111. 5611. 5911. 77,1. 81,1. 1. 331. 13. 100,11.

72, 20. 76,11. 78,13. 8913. aluit 136,1. 11137,11.13(11ο
90,1. 96,11. 101,1. 107,1. 111)137,11.13111)ο163,1.111
115, 20. 11113. 127,11. 128, (pro haud) 142,1. illut 1310.

3. 132,13. 135,11. 142,1. 61,11.66,11.69,11. 70,1. 74,11.
145, 13. 146, 1. 31. 152,11. 80,1.81,11.151,1ο.ᾳ11111,11.
155, 2. 164, 11. temptare 30,11. 90,11. 137, 3.

111 in lemmatibus invenitur: 11111111 40,1. 43,1. ’
33, 22.

8111111821. 82,11. 83, 3, 11. 1 pro b positum: 1111111 59,
84, 1. 11. 11. 85,13. 87, 11. 13. 11. 11131111106,1ο. g
89,1. 91, 21. 104,11. 104, 11. 11111311 9813. 1111111111 132,
119,11. 125, 3. 125, 3.1. 11. reliquis locis forma uehe- ,
Sextius 78,17. 82, 11. 13. mens scholiasta utitur. ³
8111111111 33, 3. .
Sextilis 104,.1. . xptos posim112:dextruxitl3‚1s. J

 

