230 mosx VERBORUM.

portiunculas 3311113 139, 3.
portus 109, 3,
poscebat 6313. -eret 8313.

possessionis 75,1. -33 34,13.

possederit 66, 3.

potest 313. 1313. 1313. 331.
wwwssmmwwu.m

143, 11.
-3111115,.153.375,11.137,30.

313 431. 114,3. -311 17, 34.
31, 3 4313. 833. 95,.3 117,
13135, 3.136,11.158,11.

-sint 3313. 3331. 43,13.4,4

13. 46,11.133,’3. 141,1. -33
433 6413 63131333 153,
13. -31319,30. 38, 11. 50, 31.
51, 3. 53, s. 64, 12. 7333833.
95, 13. 96, 13. 100, 1. 115, 3.
130, 13. 133, 3. 148, 1. 159, 1.
16314. 163, 3. -313111 1314.
134, 3. -3318,31. 1311. 14,
1313. 3313. 33, 3. 531371,
10. 79, 3. 8313. 87,11. 1033.
110, 13. 118, 30. 13330. 1333.
13313. 13311. 137,33. 140, 3.
15313. 1533. -sent 47, 1.
11311. 134,13. 1431. 14331.
16311. -111 1313. 61, 11.
8310. 131, 13. 14313. 164, 31.
-11111111313331, -uerit 1,13.
17,13. 3311. 331313. 9313.
41, 11. 67, 13. 733. 7313. 91,

11. 140, e. 16313.

44,1. 13311. -uisse 18, 3.
3313. 33, 3. 4313. 47, 33. 59,
33. 633. 193313. 14311.
141, 13. 144, 11. 148, 1. 3. 160,

-sumus 1311. 67,33.

117, 11. 1331. 1831. 14311.
15330. 1531. 1631. 3.

post 3170. 3310. 61,3. deinde

θ53311. non 113 multo 11311.
, 3.

postes 10,1. 1. 37,1, 3310.

331. 5311. 531. 61,11. 71,
11. 78, 3. 8313. 101, 13. 103,
11. 10311. 11311. 119, 4.
13313. 131, 13. 13. 136, 13.
136, 3. 153, 13. 161, 11.

posteritatem: exemplum pro-

cedit in 95, 2.

posterum: 111133. -1013 154,1.
postquem 4,13. 10. 83, 31.

postremo: eonstituere in 64,10.
postulabat 5311. 15313- -3131

70, 3. 133, 10. 133, 3. -313111
6313. 3111311. -331310,
13. 331. -31311163331111 131,
13. 'entur rei 19, se. -3133
301111110131311133331. -stus
3131 reus 11311.

poten... 61,1s.
potentes 8310. -1331111113130,
λ14. -issimo 31, 3. -issimum

131. 3331131333.

potentetu 11313.
potentie 3313. 6313. 6313. ·

-33 113 67, 11. sublimitas
131,1. 3113311. 67,3. 13310.

potestas 3111111113 iudicandi 39, 3.
-11311111 -13113 regies spiritus 10, 10.

officium 8311. -1313111 sd-
ipisoi 3313. fecere 6311.
permittere 11 31 73, 3. -1313
fungi 31, 11. 45, 11. deposito

11. ·113131 130, e. -uisset 51,13. 6310. 11313. fungi

66, 3. 7313. 131, 11. 134, 31.

13310. -13133 regias 61,21.

post (praep.)h2eo 1,11 31313. potius 31. 4314. 8310. 90,
1311. 3311. 11333 31,3 11 13. 10311. 13311. 141, 13.

3314. 81,13. hese 3313.
333. 11333 37, 3. 41,1. 44,1.
5314. 61, 3. 13330 6311. 63
11. 7313. 8313. 8311. 91,13.
11333 103, 10. 10313. 114, 31.

1431. 15310. -1331111111113,
11. 310. 31, 13. 34, 3. 5311.
63, 2. 631. 7311. 11311.
1333. 13313. 13311. 1333.
1633.

 

