244 mccx VERBORUM.

saltandi 966. schola 49, 64.

66161116 61, 6. -66 aquas 166. scientia rei militaris 16611.
-16161116111614,61. -iter 10, 66111661 611. 166. 11,16. 13, 6.
11. 161. 34,11. 16. 361. 14. 661. 61, 1.

66166 petrice 21, 11. -111 91, 6616. 13, 1. 1611. 11,11. 81,
16. periculum incideremus. 16. 8611. 91, 1. 18,16. 961.
14616 1461. publicae 149, 9611166. 9616. 961616.
16. ’16616 1-6 petuas 6416. 101, 11. 108, ss. 106, 1. 11.
6611 6611166861966, pa· 101, o. 111, s. 11616. 111, 6.
triecio 122,1s. 116616. 168, 6. 16.

· 66161611613,.6 1466. 1461. 1666111616.

salutatum venire 21, 1. 6616 131, 16. 14611. -6166 24, 6.

selva religione 4614. -o hc· 4616. 81, 6. 101, 6. 16. 184, s..
nore 116,1. 14616. 6111668616. -161611,

sanxerunt poenam 10,1. 1461. -1661161,11.-611116,66.

sanctimonie religionum 10,16. sciscitantibus 141, 66
-sm 131, se. , 666161116616111616141,16

senc 8611. scribae 1616. -61616 11.

sanguinem taurinum 110, s. scribens 18,16. -bentibus 161,1.
-ue 1116161116 6611. -11616 11611. 6611161616.

661161 66116611661111661611666111 146, 6. -1161616 16614. -ben-
6666. 6616116616, dnm 18,1e. -beudi 18,16.
sane 10616. -ptam 14611. 1461111.

66616616681,6.146,11.1-1611 scribtor 1666 1666161666.
14616. 6161616666

supientia 1416 -616,,1116 663,.11 4,.16 6,.16 6616 1,1.

sepit dubitatio querellam 8³6, 1 1116166616 16. 8, 6. 16. ss. 10, su.

-16169, 14. 11,.6 666161661661611
..666 3611, 11, 6. 6116116 1611. 11, 1. s.

sotis agere 1616 611616. 366. 1611. 1616. 61. 161116. 16,
4616, 11, 6. 111, 16. iacere 1611. 161. 1161161616 ferre
13616. 161,1. 161, 1. prae 11, 16 et 1661161111.

satisdationes 1611. 16. 11. 31, 14. 3611. 16. 11,14.

satisfacit 14616. -factnm est 8611. offerre 4616. 461. 60,
84,1. 16.61,161663,11.<64,16>

satisfactione humili 1661. 61, s. 16. 68, 6. 16. 6611. 6616.

saturam: per 10, 11. 8611. 0616. 10,16. 18, 6. 88,

661616161111,1. 16. 6611. 91, 1. 11. 108, e.

scaenicorum 101, 16. scenicis 1069. ss. 10616. forre prae
100, 6. 114, s. 4. 11616. 1161411.

6661616166 10,16. -o 18,11. 131, 16. 13619. 14616. 141,

-em 1661. -os 11,16. -issi- aristecisus. 141, 16. (144,
1661611,11.11.> 14616. 141, 16. 14616.
6661661161681,16. 11. 1491616611. 161,16. 11.
666161161616116 110,.6-6111 161, 16. 16614. 169, 6. 161, a.
devorsorium 13, 4. sui 90, se. 101, 6. sibi <1,1.>

 

