1&

131,12. 133, 1. 134,10.140,12.
146, 16. 142,12. 163, 11. 164,16.
-61116 1666. 69,11. 76, 11.
-6116 41,11. -666 6, 21. 36, 66.
46, 6. 76, 6. 100, 11. 114,11.
1122. testimonium 136, 6.
139,11. -6616 10,16. 33,7. 34,1.
30, 6. 39,6. 46, 7. 81, 22. 84, 6.
104, 12. 136, 1. 133, 66. 136, 22.
iusiurandum 139,17. 149, 21.
160, 6. -1616 9, 22. 16, 67. 36,
10. 49, 24. 67,14. 137, 11. 133,
16. 143,16. 148,17. -66166 4,
21. -66161 testimonium 7,14.
-661661160,14. -661661 6666-
monium 82, 24. 144, 66. 611-
6611144,16. -66166166 661-
661166,666136,3. -666611
81, 6. -66616137,6. -666616
41, 4. 76,16. 100, 67. -16116
oausam 19,616 30, 64. 33,66.
testimonium 47, 24. 77, 22.
121, 24. 6666161111 134,14.
161,11. 168,16. -661116 6666-
monium 21, 4. 33,16. 76,14.
91, 2. -661166 81, 20. 184, 4.
-661116 666 66, 66. 88, 22.
-6611166116164,66. -661116
66666 eausam 73, 67. -xi 6666-
monium 7,16 et 11, 1ο. 164,16.
-11661666611611111 7, 6. -110
6,6. 10. 33, 21. pro testimonio
36, 22. 22. 30, 6. 33, 20. 36, 16.
38, 22. 6311. 76, 6. diem 79, 7.
88, 66. 92,10. 97,6. 28, 66.
116, 6. 119,11. 125,1.20. 143,6.
143, 7. 147, 22. 163, 4. 6116611
169, 66. -ximus 18,16. 33, 66.
38, 4. 86,16. 110, 6. 136, 64.
167,6. -xerunt 124,20. -xerit
6, 66. 17,17. 31,61. 60, 20. 67,
12. 76, 66. 136,16. 133, 21.
-161116 sententiam 22, 21. 60,
66. -16666 1, 6. 11, 61. 39,14.
60, 61. 6616616611 70,16. 137,
16. 136, 6. 144,16. -xerat 10,

INDEX VERBORUM.

20. 34, 7. 47, 61. testimonium

68,14. 86, 6. causam 133, 61. ,

138, 6. causam 137,16. 146, 6.
sententiam 163, 16 et 17. 20.
-161116 testimonium 3616.
-166 88, 2. -116666 4, 6. 661·
6611 63,17. 88, 2. 13316. 134,
661. -61611 39, 6. 49, 16. 67,
22. 93, 66. 99, 6. 100, 10. 137,
16. 13614. 163,66. -cuntur
22,24. -cantur 43, 6. -ci 6,
20. 48, 6. 96,16. 114,12. 117,
22. 144,66.147,66.148,6. 164,6.
-6666611 33,16. 10316. 118,
12. 163, 11. -66611611 88,16.
100,16. -6616611 66166166
70,16. 94,17. 163, 22. -66161-
tur 137, 7. 16614, ·cendum
6666 63, 4. -cendum 6666116-
nium 45,2 16 61, 1. -cendi
60, 17. 147, 66. 1616161361616
169, 67. -661416 testimonio 22,
1010. 42,10. 69, 6. 86,16. 117,
11. 130,14. 197,66. 144,10. 146,
16. 147, 16. 164, 21. -condis 66-
16116166 39, 6. -661611166666
169,66. -ctus 666 4,12. -666
666 66166166 9,16. dies 37, 4.
-ctum 666 48, 6. 89, 16. 96, 6.
103, 22. 116,16. 121, 20. -666
sunt 6, 61. 148, 22. -661666
66166166 61, 20. -ctum 616
30,11. 135, 24. -661 sint 148, 6.
-666 114, 6. 141,16. -otum
120ffl2

(666111 106, 66. -0 16416.
147, 22. -is 131,20.
diducens 77, 6. -xit 33, 67.
dies ‹11000 666 37, 4. 78,16.
161, 7. 169, 4. -em 43, 66,
44, 2. 04, 6. per 6616. dixit
79, 7. supremum vitae functus
666 84,16. 104, 6. supremum
vitae habere 104, 22. 133, 11.
169, 4. -6 31, 6. 76, 6. 99,16.
61111696. -661638,16.139,4.

 

