,ΙΝΒΕΧ VERBORUM.

si 1,1111.11.11. 7,11.11.10,14.
11, 11. 91. 19, 9. 16,11. 19,11.
80, 11. 88,1. 84,11. 38,11. 35,
11. 38,11.14. 40,1. 43, 9. 14.
41,11. 11. 48,11. 49,11. 53,14.
55,11. 68,11. 65,11. 70,11. 75,

. 11.79,11. 80,1. 81,11.11. 89,
11. 87,11. 89,11.98,11.11.100,
14. 103,1ο. 115,1. 119,11.
130,11. 188,1.1. 134,11. 135,
14. 99. 148, 1. 143,11. 144,11.
146,11. 148,1. 158,1.1. 159,1.

sic 9, 91. 99. 8, 11. 14, 19. 19, 4.
30,11. 41,11. 58,11. 74,11.
76,11. 81, 4. 88, 11. 88,1. 00,
1,1. 101,11. 108,11. 116, 1.
118,11. 184,11. 1,87,1. 130,
1999. 134, 11. 136,11. 140, 11.
143,11. 144,11. 148,11. 158,1.
1561.

sicubi 89,11.

sicut 199, 9.

significatio 101,11.
10011.

signi'fiest 11, 11. 11, 1. 99, 11.
88,11. 84,11. 40,11. 41,1. 47,
11. 85,1. 95,11. 100,11. 104,1.
105,11.117,11. 189,11. 138,11.
136,11. 139,11. 149,1. 157, 9.
158,1. 1611111. 168,1. 165,
1,1. -115,11. -ere 4,14. 85,
11. 88,11. 99,11. 49,11. 58,11.
90,11. 130,11. 131,1. 189,

-1111160,1.11-1183,11.

89,11.158,4.-11111168,11.
-111179,1..99,1-11166,15.
181,1. 148,1.1 -111,111110011.

signare instrumente 46,1.

, -111111 testamentum 80,11.

signe 4, 9. 46, 9. edere civis
163,1. ·1111111,11. -is 4,11.

silentii merces 164,11. -0
praeterire 111,1.

similis 11,11. -e: monstri

.18, 1. -11 9,11. -11 89,1.
-ibus 33,15. -iter 41,1. 41,1.

-mbus

949

{3319 154, 11. 155, 9. -limem
,1.

1111111111111111183,11. describere
ud beluee 157,11. -ne 98,1.

:fflez ff' 101, 4Ι 86,11. 38, 11.
58,11. 74,11. 116,1. 185,1.
149, 4. 151,11. 156,1.

simulacrum 3,1.4,11. -15,11.
simulatione 56,1.
simulet 187,14. -111111105,11.
simultates 15111.
eine 1,1. (1,1. dubio 10111115
et 19, 91. 8011. dubio 91, 99.
85,11. dubio 30,1 11561. 61,
14. 78,1, 73,11. dubio 99 et
75,14 ct 76,1 1177,11 118111
et 89, 91. 95,1. dubio 97,1 et
100, 1. 101, 9. dubio 14 ct 105,
11. 107,11. dubio 108, 5. 116,
10. 181, 7. 134, 9. dubio 1991
et 137, 11 ct 140, 9. 11. 141, 11.
dubio 150,14. 164, 1.

singulari 1111111138,111198,15.
-iter 70,11.

singuli 14, 1. 11111111, 41, s.
-11 35, 9. 70,11. -11 98,11.
97,11. -1144,11.

sinebant 1199.

1111113119.

1111 15,11. 66,1.11. 109,11. 117,
mmmm-mmm
99. 39, 11. 11. 11. 18, 11. 70, 1. 9.
115, 1. 1. 153, 1.

sobriae virtutis ingenium 86, 1.

11111 101, 11. 106,11.

socialis belli 13,11. -1 bello
159, 9 ct 168,11.

societas votorum 104,1. publi· '

cenorum 199, 99. 133, 1. -tetis
1111178,4.111111194,11. -11-
tem suam sermoni adfingere
19111. -11111 iu 48,11,
alienaris 91,1. publicanorum
133‚99.‚·g

 

