192

21-9110,1.2.11,4.18,2.1.
22, 2. 28,11. 12. 25, 22. 26, 21.
19. 99. 39, 19. 14. 99, 11. 45, 19.
19. 48, 2. 2. 48,11. 50, 9. 4. 19.
19. 68,2. 9. 68, 19. 1o. 99, 9. 11.
91, 1o. 11. 14. 98, 1. 69, 1o. 11.
82,1. 84, 19. 88,14. 89, 22. 22.
86,12.11. 88, 219. 88, 22. 89,
21. 19. 29. 90, 2. 2. 22. 21. 92,
2221. 99, 24. 22. 101, 21. 104,
22. 11412 (1o>91 22 118,
29.118,12.12.119,2.120,1ο.
11.124,19.128,1212.180,12.
12.181,1219 1811116912.
19. 15. 140, 11. 12. 142, 21. 19.
144, 22 91 145, 1. 149, 19. 19.
14912. 150,11. 12. 99. 14. 158,
19. 19. 154, 12. 166, 9. 4. 161, 1.

91 - 21 - 91 56, 2. 9. 84,12.12.
148,12.

m—m—m-lemm

2-2-2-2-261
122921.

etenim 28,11. 59,12. 122, 21.
162, 9.

9112211,9. non tontum-verum
2, 12. 8, 4. 6, 211. 8,14. 8, 11.
10, 2. 19,19.14. 14,19. 16,19.
19,19.94. 18, 21. 20, 11. 28, 21.
28,22. 98,19.11. 90,19. 81,19.
33, 90, 2921221212-1922121
94, 1o. 99. 36,12. 19. 19. 88, 2.
non tontum-verum 89,12. 41,
22. 48, 12. 44, 12. 99. 46,1. 2.
412222. 48, 91. 61, 1o. 52, 2.
55, 9. non tantum-verum 56,
12. 68,21. 68,12.14. 222 modo—
vemm 19. 61,1,14. 62,12. 66,
4Qmffi9QQO
88,6. 88,11. 89,1. 90,12. 11011
12211221-192221191,11.12. 94, 9.
11. 19. non 12211221-122221198,
2. 98, 4. 99,19. 100, 22. non
tentum-verum101,9.11. 108,
19. 104,8. 1102112212211-1912111
106,12.21. 110, 9. 111, 9. 119,

INDEX VERBORUM.

2. 116, 1. non tentum-vorum
118,19. 121, 2. 11. 19. 122, 2. 14.
126, 91. 114, 19. 125, 12. 21.
126, 22. 128, 4. 212. 128, 2. 9.
non tentum -12222121, 129,12.
14. 180,12. quin immo 182,19.
188, 21. 185, 24. 22. 188, 22. 141,
14. nec non 149, 2 21 19. 11.
146, 12. 22. 22. 146,12. 160, 4.
151,1. non 12211221 -verum 9.
12. non 12212211-122212158,8.
164,2.166,22. 166,12. 168,19.
158,12. 15212. 1102 tantum -
1922211 160, 2. 12. 161, 16. 162,
24. 16812. 164,11.11. 166,1.

9112212118,4. 80,9. 88,2. 159,20.

2121 62, 19. 64, 21, 80,12. 149,1o.

evectus 129221 138, 22.

evenit periculum 14,9o. -iro 99,
12. -1291 146, 19. -2212111111192
142,1ο. -9221112 69,12. 162,19.

9192122 humanit 2112 150, 19.
evertit auctoritatem 126, 14.
-1922122219211219211 95, 4.

22221129.

92231121 149, 19.

exardesceret 120,11. -22221
159, 2. -91222168,10.
excedit 121 cohortationem 91,
19. -2211 1112 82,9 -222221
vita 118,9 et 163,19.
excelluit 198,19.

exceptionem 68,14,

excessum 19, 9.

excitaverat 44, 20.

excogitasse 148, 22.

excubare 65,12.

excurrent 164, 11.

excusatione 88, 22.

excusatus sit 186, 2.

9292222112 129211112 69, 22.

exemplum 12111221 55,12. 95,1.
1122212821. -ο188,12. -2
11212112 edere 11, 2. sequi
44,11. 9192299121221129 88,
14. vigoris imitari 84, 2.

 

