INDEX VERBORUM.

6116166161,11. -um 161, 61.
-nnn

atrio 71, 26.

atrocitas 36,11. v
atrociorem 146, 26.

attentiores 33, 11.

avaritia 64, 2. -ae 11611.
-611160,6.

1116113016.

auctiones 134, 6. 7.

auctor 3, 6. 63,1. 30,16. 40,1.
63,6. 79,11. 91,11, 107,11.
111, 6. -em 36,16. 160, 6.
136,6. -6 60, 16. 80,16. 146,
11. -66 68,11. 89,11. 113,1.
168,11. -1666106,11.106,11.
mw6mw

6661611166 7,12. 46, 4 60, 11.
136,.6-1611638,11.-1616111
8,1i. 9,6. 66661 liberare 11, 4.
3361. 36, 24. 38, io. 40, 6. 43,
ΜΜΜΜΜΜΜΜ
66,11. 6611. 68, 2. 96, 6. 106,
16. 16311. 166,11. -tate 39, 2.
87,11.

66666166136μ1.146,16. -6111
46,1.118,1.

6616616616166163,6. -66,.01

audet 89, 11. 11-611160, 11. -deat
116 22 deret 11316
6111116160,11.-166116141,19.
-16111668,11.-161111611130,.1
-161661 16,11. -issent 16, 21.
ΜΜΜ,6.

auditor 161,1.

evehenda 1, 21. -ota sint 4, e.

abstulit 36, 6 -16664, 6. 11.
auferri spiritus 66161 1, 1ο.
-endo 3,6.

aufugit 112, 4.

augere 72, 22. -,i47 16.

augurum 118,1.

auguratus 1132 um 11846.

aviditatis 47,16.

avis 49,14.

aulae 106,11.

16

661666016.
6616111 13,11.
auspicium capere 119, 6. -6
67, 6. captare 119, 6. 164,1.
auspicetur 86,1. -6616 119, 1.
-ato 118, 22.
aut 48, 16. 8416.
6111-66111,16.11. 47,1.1. 60,11.
6116. 11. 66, 21. 61,1. 131,11.
6616164111. 16,16. 66,1. 63,
ao. 64, 6. 67,16. 68,16. 36,1ο.
ffioQuffinstna
22. 48,11. 49,11. 66, 1. 63, 1.
66,6. 76, 11. 11. 76, 14. 81,16.
84,11. 86, 21. 91,16. 94,16. 96,
16. 97, 24. 9816. 106,16. 104,
1ο. 106, 2. 111,1. 11416. 116,
11. 24. 117, 6. 119,11. 166,1.
130, 16. 136,11. 61. 134, 6. 11.
1441116. 146,1. 148,16.160,6.
161, 6. 11. 166, 6. 16311. 166,
21. 16611. 16. 160,11. 161, 1.
166, 1. 164,16. 166, 6.
6166 60,16. -1138,16.
auxilium 10,16. 68,1. 34, 6.
fngee petere 49, 4. 73,16.
-1 160,11. -o 69,1. 16616.
126‚16.

’ balnearum 121, 22.

barbariae 33, 16.
barbari 34, 2. 41,16. -o 111, 7.
-616111 33, 61.

beatos 146,11.

11611616 6, 11. 31,11. 16. 66, 6.
84, 16. 160,16. 166,1.1. -1 13,
16. 40,16. 96,1. 101,16. 163, 1.

-o 20,2o. 38, 4. 47, 16. 68, 1.
66,1. 8616. 91,16. 99,16.
107,1. -ο161613,6.

beluae 167,16.

beneficium 144,1. -1 68,16.
debitor 144,11. -o 143,11.

6 68,16. 60,16. 143,1. -orum
aafflmffamnuo
16.144,11.

 

