111

-6161 106, 1. -avit 26,16.
116, 1. -arerit innocentiam
-17,11. -atum 6116 148,11,
11116111611162,1.

puto 66, 21. 151,22. -11 12, 6.
6111110611. -et 11,12. -6161
naua. -·avi 161,1. -avit
47,11. 162, 4.· 141, s. «616111
21,16., -616161 ratio oum
133, 5. ’

1111166187, 4.

quadringena 22,14. -11 29, 11.
quadringenta 108, 11.
quaerenti 17,16. -1611111111117,4.
-116111 26, 6. -11116 (16 061116
1616. -reretur (1661666 26,
,16 61 61,11. extra ordinem 70,
,7 6111 61 11. (16 11616616 71,1.
ud mortem 92,11. severissime
111 candidatos 126, 22. -161611-
1611116616 129,6. -rendum
de 666111611611616,14. -11161
611 46, 14. -sia suut 116, 6.
quaesitor 122, 24. -em 76, 21.
sortito fecere 122, 20. -es
1222. -ibus 122, 21.
quaestionis nihil (1666111616 67,
25. -116111ι petere iu 28,16.
quaestor 84, 14. -is ·126,11,
160,6. 61112211. 26, 22. 86,1.
*-6 116, 16. -66 6,16. 2211.
quaestoria: fungi potestate
21,14.
quaestura fungi 12611. 141,2o.
146,16. -1667,16. honor 114,
21. 141,61.-
qualis 66, 16 146,16 162,.4
-611188,16.
qualitate vehiculorum 4, r.
ibus verborum 66111111-
1611116116.
6611112,11.4,16.6,.1166.6..666661
20,.1 tem2112. 1111112411.
26 14. 61111126, 16616011. 33,
4661116161

INDEX VERBORUM.

staQaQnamm
53, 121 66,1. 69, s. 24. 60,1. 11.
66111661. 74,1. 761. 79, ro.
801616. 61,11. 16. ultra 66,
1116111641861411871.
88, 24. 60, 16. 1⁰ 66, 22. 98, 22.
96,6.101,6.6.6111661.104,61.
106, 14111616 16661111

’106,6. 116,1.’.116.116,1.11. ·

11116 1261661 16. 122,1. 126,
661261, 126, 21. 1411116011.
161, 11. 182, 61. 16411. oenus
·2o. 1641466. 166, 4. 6. 11. tam
mwumumamu
142, <1.>11. 146, 16. 146,11.
149, 20 161,16.164,16.166,
611 167,4.11. 16816 661161Ιῖ
166,.4 1641116.

quamdiu 126,14.

quamvis 1,6. 6, 21. 12,16.16,1.
21, 16. 64, 22. 66, 2. 1. 76, 25.
76,22. 6216. 67,16. 91,6. 64,6.
101, 6. 114, 6. 116,(1. 124, 2.
149, 16. 1626.

quando 17, 6. 27,11. 4616. 46,
15. 6114. 66, 1. 66, 1. 76, 6.
160, 4. 16616, 167, 1. 168,
22. 166, 4. 24. 146,16. 141, 14.
16214

quandoquidem 61,16. 6616.
9416.

quantitas oneris 1,11. -tate
damnorum 166, 6. .
(1611116601. -1111114,14. 111
68, 6. 6. 10211611 104,1(.
166,6. 16616. 111146, 11. tan·
tum-quantun 42, 1.· 166, 6.
160,11. -6,66,6,161,11. tanto
-quanto l,2. -is 12,24.
quapropter 166, 25.

quare 41, 16 166, 61.
(16111216. 6,16. 8,11. 8,11. 6,
111611161611 18,.1 16,11.
2216112466 26,11. 666.
64,6 66,.114,0147,11.63,1,
6416. 67,.166,11.70,16.78,6.

 

