218

monumentum 73, 1.

more 75, 17.

moriturus 90,11.

morabatur 28, 21. -endi 10,1,
mors 57,11. 61,11, -ti9 exitus

30,11, -tem 55,11. 67,11.
91,11. 99, 11. obire 111,19.
—te 311. defungi 47,11. 79,1.

80,11. 90,15. 103, 29.
morsu stomachi 194,10.
111111117911. -1 31, 21. -11
10915, -11119,11.
1111111141,11. 46,1. 74,11. -e
sollemni 11111, -11 90, 1.
99,15. femineos 9111. 30,11.
36,11. 45,1. 50,1. prodigos
54, 1. 56, 15. 81111. 131,11.
151,11. 157,1. -111151,1.
integritnte 126, 29. -ibus
14,1. 16,11. 95,1.1.10,11. 38,
11. 44, 29. 118, 11. 197,11.
motum 1111111145,10. -tibus
occultis 4,11,
moventer 73,11.
1111111136,11.-111155,11.
-11111111111111111144,17. -erit
9,.15-111111(11113111111) 151,
15. -1111111100,10. -1111111-
511111 151, 10. -eretur 198,
11. seditio 131,11. 149,1. -111-
(1111111111511111111 145,1.
muliebri hubitu 96,1. 1111111111.
mulieres 9111.
mulionem 75,11. -11 75,11.11.
1111111197,10.
multifariam 67,1.
multiformi voluptate 36,11.
multiplex 109,1.
multitudo 4,1. -111 44, 29.
109,1.11.117,11. 118,11. -ni
69,1-,11111110.73,1189,
15.11901161174,.1
multavit 1111111101, --11111
tur exilio 10,1. -etus 111
pecunie 119,19. 111111111-
5111119111.

INDEX VERBORUM.

1111111110. 4,11. 35,11. 39, 90.

ω1ω1ἢ11ἢ1
88, 22. 194, 15. 141, 29. 147,11.
153,1. -i 7, 9. 19,11. 91,1. -11
19,1. 111,11. -o 19, 1. 39,15.
57, 9. 74,11. 76,11. 77,1. 87,11.
81,15. 105,11. nonita multo
post 113,11. 114,1. 11. 119,
12. 193, 20. 129, 29. 128, 1. 137,
11. 14111. 149, 24. 151,1. 153,
17. -um 17,1. diuque 90,11.
83,11. 1301. 135, 19. 145, 1.
109,11. -111111149,1. -arum
45,11. 70,11. -11 10,11. 94,
21. 70,11. 71,11. 10411. 114, 2.
131,11. 149,5. 151,11. 159,11.
159,15. -11 10,19. 14,11. 11.
31,11. 81,11. 90, 2. 111,11.
149, 1. plue 9,11. 19,11. 59,
29. 6014 77,11. 86,1.1 13911.
-1117,1,111,1.198,.1 -11
1111. 8111. -115111 97,11.
69, 20 70,11.135,11.-11111111
99,.139,11.40,5 41,11. 54,
11. 75,11. 87,11. 197,1.118,1.
130,11. 14111. 15011. -rimi
87, 22. 5111. 81, 9. 104, 11.
116, 11. -rimae 55,15. 99, 9.
-rimorum 53,11. 96,1. 139, 2.
-rimis 14,11.11. 15, 9. 190,11.
168, 4. -11111158,1.104,11,
165,1.
municipi 95,11. -11 197,1.
-10111197,1.
municipii 113,9. -0 19,11. 13,11.
munificos 100,11.
munit 69, 20. -ierit (viem)
109,11.
munus 105,11. 193,15.
11111110811. -11109,5.
1111111197,.7
mutationem 111111 56, 22.
mutilatum dignitatem, 9,15.
mutassent locum 6,1. -111
actione 97, 11 -111 pro-
posito 15,15.

 

