INDEX VERBORUM.

04,14. iratum 60,14. 08,14.
-cutis 37,14.
conservationem 107,11. 148,10.
-116140,1.

conservatori 0,1.
conservandos 00,10. -110600, 11.
consederunt 61, 11.

consideres 1,14. -emus 36, 11.
40, 11. 06, 4. 60, s. 14,16. 110,
10. 141,11. -110 76, 0. -anti
14, 61.

consiliarius 70,11.

consilium 04,10. -o: habere in
0, 8. 18, 0. 100, 4. -144,10.
consolandum 189,s.
consortem 1011.

conspiratio 87,14. -nis 20,10.
-6016 13014. -60 08,16.
137,10.

conspirati 12210. -10 60,6.
1021. -111170,10. 82,14.
0066116101 67,10. -11661166
124,16.

6016106111 7, 0. -16 73,14.
vigor 103, 6.

consterneretur pudor 30, 4.
constsmaverit 200. -1166 61,
24. -1116 67, 0.

0066111611 1061661 8,16. 16
medio 77, 6. domicilium
110, 1. in putre plurimum
61160111101116100,14. -1160
debitorem 144, 11. -61616
1601106110. -ens in miseri-
cordia firmamentum 100,10.
10661 de 61 Clodium 104,16.
·tus est 109,0. ·ta 10, 0.
-161636,0. -116 64,1.
constat 103, 1. 146, s. 141, s.
-tet 3216. 08,10. 80,1. 162,
11. -1110 48,16. 11011011.
44, 0. 60,10. 12310. 138, 14.
147, ss. taret 03,16. -11111
tides mihi 7,10.

consuerunt 70,0. -111 138,16.
-ssent 6, 6.

179

consuetudo 24,11. 30, 1. 48, 8.
-dinem 00,14. 10210. civi-
lem 10310. 12816. 101,10.
senatoriam 102,16. -dine 48,
8. 18. 00, 1.
consul 8,11. 18,11. 20,10. 27,1.
61, 11. 80,11. 06,6. 106,11.
118, ss. 184, 4. 136, 0. 13014.
-16 118,16. 124,1. 134,11.
-em 11,14. 56,1o.18. 71, 0.
108,14. 118,16. -0 8, s. 18,0.
64,11. 06,10. 110, 11. 116, 10.,
-0610,6. 86,14.164,16. 101,6.
-um 20, 11. 134,14. -11166 00,,
16. 71,16. 90,1. 100,11.106,11.
123, 10. 100, 11.
0011111616 130, 461 144, 10.
·61661131661130,6. -120, 18.
honore 11316. -66 104,10.
-111 006111160810. 1661086

0066611161 13,1. 1010. 03,11.

80, 7. administrandi 87,16.
-61611,1. fungi 16,1. 01,10.
adipisci 08,4. 301016 61,10.
77, 14. 78,11. 110, 11 114, 1s
gerere 120,10. adipisci 101,
10. 661010<101,11>. provehi
16100,10.361610161,.4-1
0,10. 8,14. 04,11. 06,1. 84,16.
80,14. 00,1. 08, 4. 10. 12010.
120,11. 144,10. 148,16.

006661666310111008,16. -01116-
16141,10. 6106161011.
00666110 0, 4. 137, 6. 104,10.
-166 124,10. -issima dis-
cretio 8, 4. -166111101611111011-
mento 00, 0. -1661160 110, 11.
00666111 10011. -116 103,10.
0116061161 consultum.
consummatam virtutem 120, 1.

consumpsit 30, a. -sumtus est
120,11. -661610 patrimonio
0111111310 10,11.

contaminaretur 122, 6.
12*

 

