202

117,11. repellere 11 138,14.
eommunioeto sepnlohri 163,
19. -1191 adipiscendos 14111.
-orum gradus 36, 11 et 60,11.
-oribns 10, 4. 37,14. 84, 9.
119, 4.

1011761. 80,11. 111719.

horrori 31, 16.

hospitium 160,1.

hostia 119,1.

hostile ingenium 3, 4. -1 11-
11111011 133,1.

1111111164. -em publicum de-
notare 166,4 -1 16,1. 34, 44.
-es 13,14. 15,19. 8611. -ium
15,19. -ibus 13,11. 15, 1. e.
meffinQn

huo 1111111111 10,11. 16,11.
aceedit 14319.

“ huiusmodi 4,14. 16,11. 19,1.
17,16. 30, e. 31, 9. 34, 9. 41,1.
111111111
11. 88,9.11. 106,19. 117,1.
131111. 140,1. 147,19. 151, 44.
119, s.

humanitatis epeotetee 137,11.
eventus 160,11. -tete 19,19.
111. ,

humanitus 1111111111 68,11.

humanarum 1111111 91, 19. -111
probationibus 1, 4.

humili satisfactione 163, 9.’

-lem se 111911 130,11. -liter
18, 6. -11111111 faeere 1111.
1111111111 personarum 41,19.
generis 11911. -11111 leno·
einio 48, 4. obsequie plenissi-
me 161,14. -111111 1111111111
11, 14. personae 117, ro. -1111
personae 11610.
humilitere genus 13,10.

1111111111 (1111111411. -11-
simo: heberi pro 164,14.

11Ξ1ἐ1ἑ11111 114,11. superbiore
, 16.

INDEX vnessonon.

1111111111 89,11. -1111111
116,16.

1111111111111111 166, 4. -tetur
ingenium furore 22, 9. -111-
11113611.

11111116181. -11111111946,11.

iem 7,16. 9,1. 10,4.16. 14,11.
16, 1. 19,11.16,11. 3619. 33,
11. 36, 14. 41, 11. 47,11. 44.
48, e. 49,11. 61,1. 64,16. 57,
11. 61,11. 61,11. 66,1. 71, 9.
81,19. 84,1. 86,19. 88,11. 89,
14. 91,11. 91,1. 91411. 93,
11. 99,4 116,11. 117,1. 113,
11. 131,19. 136,14. 137,16.
14811. 149,1. 150, 9. 161,11.
1511111. 15611. 167,11. 169,
19. 160, 9. 19.

ibi 10,19. 12, 44. 36, 4. 66,14.
81, 6. 100,11. 110, 19. 111, 1.
11611.

ibidem 16,11. 38,1. 40,11. 73,
e. 76,11. 30, 9, 100,14. 104,11.
110,4
ideireo 10, 11. 16. 13,11. 17,11.
52, 1. 121, 11. 131, o. 131, 41.
136,19. 136, 11. ,149,1.

idem 13,11. 16,11. 17, e. 31,
11. 66,11. 71,11. 78, 4. 11. 79,
11. 81,19. 8411. 101,11. 108,
14. 109,6.1.110,11.11. 111191.
113,11. 1311. 136, 4. 14311.
161,1. 154,11. 161, 4. eedem
7, 14. 63,11. <56,11.> 66,1.
68,11. 61, 16. 83,11. 91,11.
116,11. 110,11. 116,11.133,1.
16311. eiusdem 16,11. 1111.
1319. 34,16. 36,1. 71,11. 97,
14. 194,19. 103, 11. 109,4.
118,19. 145,11.146,1. eundem
5,11. 17, 9. 69,11. 11 66, 1.
57,11. 66,11. 37,1. 73,11.
78,11. 86,9. 106,19. 110,4
113,1. 146111. 149,1. 163, 9.
eandem 18, 11. 31, 11. 33, s.
6811. 60,1. 83,1. 98,11. 13911.

 

