214 INDEX VERBORUM.

1999. 13919. 14691. 149, 99. 119919 <6,16.> -99691 2191.
19119 156,19. 22. 19119 159,1. -99191 25, 21. 93,16. 10616.
-go 9, 22. 19, 6. 29, 9ο. 39, 99. 136, 94. 152,11. -991999 89, s.
43, 21. 10, 94. 94, s. 107,19. 13616. 99.

116, 96. 122, 22. 123, 99. 125, 99. 11991 69, 91.

126, 9. 13116. 13619. 131, 6. ligneo 108,19.

15919, 94. -gss ferre 88,19. limitem 75,1.

’ 96, 99. 94. 19119 96,6 91 106,19. linguam 109,19,

119,11. 121,10.122,10. -gum liniamenta turpitudinis 26, s.
93,14. 96,14. 106, 9. pras- voltus 56,16. habitus 94, so.
99119191529. scribtor 164,11. -19 inpudicitiae 86,19. 991-
-gibus 10, 9. 14,16. 46, 91. ρο111111167,14.

55, 22. 70,1.91. promulgandis 11199 aestimantur 21, 16 91 19.
106,19. 119, 9. 122, t. 124,1. litigatoribus 156,1.

152, ouis. litterae 11911919 99,1. 162,11.
. . ,11919111 15699. -arum inditia 65, 9. ignoran—
libellus146,1. 11911149,96.158,19. -1943,19.
libentius 60,14. secretioribus 110, 9. 11191911-
11119161,96.165,1. lib. (= libro) bus 160, 22. -as 54, 2.
143,18. -10 so,1s.21,21. 149, *lium 166, 21.

99. -11920,11.113,19. livoris vestigia 129. 121,9.
libera ab incursibus (virtus) locandas insidias 1111.
95,19. -um spiritum 64, 9. locupletatum 121, 6.

-99 civitatis 11, so. civitati loeus 81,4, -119111911118,11.
91,19. -am 9919919ωωῖ619. -ο 16,1. 22,11. 24,16. pignoris
-9 6, 9. 2113. 13619. -ius 5219. filiarum 6115. 61115.
21, 2. 128,1. 1361999. -1919 secundo 69, 2. novissimo 114,
1911919919. 21. primo 140, 96. 150,4. suo
liberali 19919 66,9. -99100,91. 15214. -11111 6,1. 15, 9. 118, 9.
-ibus 11119119 160,99. -orum 81, 9. -19 23,19. 104,
116919111919 141,14. so. 114, 9. 131, 99. 13519.
1169199 12, 22. locutioni 116, 2.
liberat auctoritatem 11,4. 9911- longas: naves 108,19. -9 61,99.
99114114, 9911129. -averunt 91,14. minus 151,13.

22,11. 9999912911. -9191111 loquacitas 88, 94. -119 studio
53, 20. -andus 911 83, 23. -911- 6, 93.
dum 66, 20. -stus 911 66, 6. loquacissimo 50, 9.

-9199 21, 91. 9191112199. 199111111120,9.42,9.52,9.61,9.
-atos 24,11. 14, 2. 18, 91. 84, 1919. 89, 94.
116911911916399. -1919135,19.99. 95,19. 999991. 98,19. -91111
libertinorum suffragio 16616. 9, 21. -198,19. 1351915919.
libertus 105, 22. -19 53, 9. 159, 99. -ens 155, so. -9119

hbrdnnis servitus 5,99. -dinum 51,6. -9191111154,99. -uturns
cupiditates 24, 21. 100, 4. 116, 22. -uturus est 911
licentiam 10, 9. 121111. 911119- victoriam 11, 6. 56, 9. -endi
. 9199 135, 9. proprie 80, 22. -11111999111129,

 

